100	0.0256707946336	7752
1000	0.274286537907	6938
10000	2.22462477741	3931
10000	2.22462477741	3931
100000	4.57435344828	1856
1000000	7.83349374398	1039
1000000	7.83349374398	1039
1000000	7.83349374398	1039
1000000	7.83349374398	1039
1000000	7.83349374398	1039
1000000	7.83349374398	1039
1000000	7.83349374398	1039
2000000	8.85760869565	920
2000000	8.85760869565	920
2000000	8.85760869565	920
2000000	8.85760869565	920
2000000	8.85760869565	920
2000000	8.85760869565	920
2000000	8.85760869565	920
3000000	9.18594104308	882
3000000	9.18594104308	882
3000000	9.18594104308	882
3000000	9.18594104308	882
3000000	9.18594104308	882
4000000	9.77025392987	827
4000000	9.77025392987	827
5000000	10.0386533666	802
6000000	10.461038961	770
6000000	10.461038961	770
6000000	10.461038961	770
6000000	10.461038961	770
6000000	10.461038961	770
6000000	10.461038961	770
6000000	10.461038961	770
6000000	10.461038961	770
6000000	10.461038961	770
6000000	10.461038961	770
6000000	10.461038961	770
6000000	10.461038961	770
6000000	10.461038961	770
6000000	10.461038961	770
7000000	10.5543905636	763
7000000	10.5543905636	763
7000000	10.5543905636	763
7000000	10.5543905636	763
7000000	10.5543905636	763
7000000	10.5543905636	763
7000000	10.5543905636	763
7000000	10.5543905636	763
7000000	10.5543905636	763
7000000	10.5543905636	763
7000000	10.5543905636	763
7000000	10.5543905636	763
7000000	10.5543905636	763
7000000	10.5543905636	763
7000000	10.5543905636	763
7000000	10.5543905636	763
7000000	10.5543905636	763
7000000	10.5543905636	763
7000000	10.5543905636	763
7000000	10.5543905636	763
7000000	10.5543905636	763
8000000	10.9335142469	737
8000000	10.9335142469	737
8000000	10.9335142469	737
8000000	10.9335142469	737
8000000	10.9335142469	737
8000000	10.9335142469	737
8000000	10.9335142469	737
8000000	10.9335142469	737
8000000	10.9335142469	737
8000000	10.9335142469	737
9000000	11.0426409904	727
9000000	11.0426409904	727
9000000	11.0426409904	727
9000000	11.0426409904	727
9000000	11.0426409904	727
9000000	11.0426409904	727
9000000	11.0426409904	727
9000000	11.0426409904	727
9000000	11.0426409904	727
