0	197
1	428
2	27
3	397
4	1039
5	268
6	342
7	546
8	11
9	156
10	86
11	2330
12	1
13	175
14	272
15	166
16	122
17	27
18	34
19	7
20	894
21	1323
22	1017
23	956
24	760
25	4
26	1317
27	310
28	309
29	397
30	3085
31	1612
32	1
33	2376
34	281
35	100
36	12
37	52
38	495
39	30
40	1272
41	704
42	357
43	169
44	190
45	1257
46	36
47	80
48	506
49	384
50	32
51	24
52	606
53	773
54	1909
55	396
56	326
57	883
58	2569
59	21
60	2302
61	37
62	475
63	1178
64	109
65	762
66	3130
67	7
68	268
69	225
70	390
71	18
72	376
73	118
74	752
75	372
76	69
77	697
78	54
79	276
80	193
81	164
82	604
83	1399
84	8
85	696
86	1
87	47
88	132
89	307
90	551
91	108
92	142
93	932
94	1221
95	1156
96	1021
97	108
98	304
99	525
100	68
101	10
102	568
103	546
104	378
105	65
106	306
107	1132
108	208
109	38
110	184
111	180
112	969
113	425
114	9
115	954
116	337
117	1964
118	85
119	557
120	20
121	796
122	665
123	976
124	796
125	160
126	821
127	746
128	28
129	1326
130	49
131	206
132	359
133	1943
134	35
135	210
136	714
137	325
138	41
139	151
140	36
141	284
142	31
143	982
144	321
145	107
146	793
147	113
148	145
149	154
150	551
151	16
152	325
153	598
154	710
155	43
156	145
157	8
158	565
159	63
160	928
161	132
162	450
163	2751
164	39
165	376
166	40
167	284
168	70
169	270
170	6
171	1256
172	1562
173	103
174	3
175	24
176	442
177	21
178	2
179	230
180	157
181	1029
182	349
183	285
184	76
185	979
186	139
187	1350
188	961
189	706
190	27
191	270
192	407
193	275
194	1285
195	1180
196	867
197	291
198	154
199	462
200	195
201	411
202	153
203	224
204	516
205	324
206	809
207	44
208	131
209	2154
210	78
211	16
212	236
213	388
214	135
215	122
216	842
217	590
218	221
219	1583
220	562
221	60
222	600
223	491
224	345
225	237
226	481
227	356
228	1878
229	651
230	105
231	1
232	1553
233	766
234	448
235	6
236	1433
237	84
238	869
239	147
240	1592
241	666
242	1083
243	212
244	2148
245	2
246	1127
247	207
248	536
249	73
250	129
251	396
252	2624
253	1137
254	1356
255	825
256	640
257	633
258	37
259	18
260	539
261	12
262	467
263	68
264	303
265	662
266	2173
267	203
268	128
269	38
270	6
271	774
272	149
273	285
274	252
275	11
276	277
277	625
278	271
279	299
280	267
281	400
282	65
283	252
284	1167
285	5
286	1106
287	1018
288	483
289	900
290	150
291	385
292	205
293	123
294	1821
295	869
296	152
297	307
298	333
299	140
300	43
301	1468
302	1114
303	592
304	1379
305	610
306	1515
307	225
308	211
309	847
310	59
311	81
312	1612
313	173
314	431
315	413
316	2214
317	301
318	148
319	34
320	1906
321	913
322	251
323	391
324	328
325	1160
326	2954
327	428
328	365
329	418
330	129
331	63
332	105
333	704
334	30
335	26
336	165
337	125
338	932
339	472
340	231
341	1
342	212
343	94
344	179
345	407
346	630
347	669
348	92
349	417
350	427
351	497
352	2
353	20
354	1403
355	1153
356	79
357	53
358	1073
359	121
360	2572
361	2048
362	67
363	118
364	83
365	119
366	906
367	1527
368	685
369	389
370	158
371	543
372	779
373	39
374	417
375	193
376	1064
377	202
378	3
379	845
380	989
381	1146
382	96
383	135
384	1165
385	32
386	373
387	246
388	60
389	1814
390	513
391	697
392	352
393	843
394	317
395	195
396	840
397	11
398	14
399	85
400	21
401	48
402	724
403	1844
404	3
405	475
406	507
407	846
408	16
409	1579
410	1453
411	964
412	227
413	796
414	743
415	46
416	316
417	207
418	187
419	656
420	584
421	422
422	822
423	633
424	437
425	91
426	167
427	376
428	410
429	739
430	1040
431	401
432	547
433	46
434	206
435	231
436	17
437	11
438	107
439	166
440	344
441	445
442	71
443	426
444	459
445	141
446	30
447	800
448	1496
449	389
450	428
451	381
452	510
453	244
454	1888
455	1475
456	1066
457	251
458	87
459	775
460	272
461	1129
462	1947
463	155
464	327
465	751
466	387
467	662
468	1895
469	1436
470	746
471	4
472	89
473	798
474	700
475	49
476	449
477	260
478	32
479	1992
480	380
481	153
482	273
483	148
484	64
485	1076
486	233
487	1703
488	413
489	557
490	269
491	860
492	582
493	990
494	274
495	910
496	327
497	1
498	41
499	593
500	162
501	568
502	859
503	1032
504	488
505	86
506	225
507	422
508	83
509	188
510	2
511	885
512	162
513	102
514	1628
515	375
516	2017
517	445
518	902
519	2
520	144
521	210
522	981
523	313
524	10
525	561
526	833
527	1028
528	296
529	1341
530	128
531	2887
532	932
533	567
534	186
535	222
536	558
537	358
538	384
539	56
540	1867
541	12
542	850
543	284
544	138
545	230
546	134
547	2011
548	278
549	41
550	123
551	412
552	5
553	291
554	348
555	409
556	2130
557	279
558	559
559	61
560	285
561	1049
562	782
563	369
564	1569
565	99
566	963
567	18
568	512
569	800
570	659
571	280
572	98
573	1799
574	173
575	12
576	167
577	1075
578	74
579	549
580	74
581	995
582	671
583	375
584	404
585	6
586	47
587	169
588	1
589	215
590	363
591	783
592	128
593	536
594	1175
595	400
596	1629
597	32
598	1
599	93
600	383
601	241
602	2369
603	193
604	81
605	105
606	83
607	590
608	814
609	520
610	427
611	276
612	1623
613	84
614	2055
615	1503
616	3
617	268
618	494
619	208
620	81
621	179
622	16
623	1125
624	10
625	615
626	94
627	1243
628	303
629	26
630	32
631	519
632	1236
633	1905
634	1910
635	1130
636	95
637	28
638	34
639	173
640	829
641	10
642	395
643	191
644	289
645	2450
646	142
647	203
648	162
649	1451
650	1053
651	414
652	650
653	381
654	160
655	425
656	426
657	142
658	21
659	301
660	97
661	105
662	702
663	30
664	358
665	754
666	87
667	694
668	355
669	27
670	718
