the top left corner has position: 310630.5	5227502.5
the bottom right corner has position: 1320280.5	3924002.5
the  y-range of our map in boxes: 17380.0
the  x-range of our map in boxes: 13462.0
the top left corner has position: 310630.5	5227502.5
the bottom right corner has position: 1320280.5	3924002.5
the  y-range of our map in boxes: 17380.0
the  x-range of our map in boxes: 13462.0
-- Map for coarsnes: 1
(1, 3)
62391881
734
the top left corner has position: 310630.5	5227502.5
the bottom right corner has position: 1320280.5	3924002.5
the  y-range of our map in boxes: 17380.0
the  x-range of our map in boxes: 13462.0
-- Map for coarsnes: 1
(1, 3)
62391881
734
--Node (1, 3):	 403860.0	869000.0	734
(3, 0)
31195940
168
--Node (3, 0):	 807720.0	217250.0	168
(5, 4)
233969559
0
--Node (5, 4):	 1211580.0	1086250.0	0
(2, 1)
46793911
0
--Node (2, 1):	 605790.0	434500.0	0
(5, 1)
93587823
323
--Node (5, 1):	 1211580.0	434500.0	323
(0, 3)
31195940
168
--Node (0, 3):	 201930.0	869000.0	168
(4, 0)
38994925
0
--Node (4, 0):	 1009650.0	217250.0	0
(1, 2)
46793911
0
--Node (1, 2):	 403860.0	651750.0	0
(3, 3)
124783764
225
--Node (3, 3):	 807720.0	869000.0	225
(4, 4)
194974632
0
--Node (4, 4):	 1009650.0	1086250.0	0
(5, 0)
46793911
0
--Node (5, 0):	 1211580.0	217250.0	0
(2, 2)
70190867
0
--Node (2, 2):	 605790.0	651750.0	0
(4, 1)
77989852
0
--Node (4, 1):	 1009650.0	434500.0	0
(1, 1)
31195940
168
--Node (1, 1):	 403860.0	434500.0	168
(3, 2)
93587823
323
--Node (3, 2):	 807720.0	651750.0	323
(0, 0)
7798984
0
--Node (0, 0):	 201930.0	217250.0	0
(0, 4)
38994925
0
--Node (0, 4):	 201930.0	1086250.0	0
(1, 4)
77989852
0
--Node (1, 4):	 403860.0	1086250.0	0
(2, 3)
93587823
323
--Node (2, 3):	 605790.0	869000.0	323
(4, 2)
116984779
0
--Node (4, 2):	 1009650.0	651750.0	0
(1, 0)
15597969
0
--Node (1, 0):	 403860.0	217250.0	0
(5, 3)
187175647
0
--Node (5, 3):	 1211580.0	869000.0	0
(0, 1)
15597969
0
--Node (0, 1):	 201930.0	434500.0	0
(5, 2)
140381735
993
--Node (5, 2):	 1211580.0	651750.0	993
(3, 1)
62391881
734
--Node (3, 1):	 807720.0	434500.0	734
(2, 4)
116984779
0
--Node (2, 4):	 605790.0	1086250.0	0
(2, 0)
23396955
0
--Node (2, 0):	 605790.0	217250.0	0
(4, 3)
155979705
986
--Node (4, 3):	 1009650.0	869000.0	986
(3, 4)
155979705
986
--Node (3, 4):	 807720.0	1086250.0	986
(0, 2)
23396955
0
--Node (0, 2):	 201930.0	651750.0	0
-- Map for coarsnes: 2
(7, 3)
62391881
734
--Node (7, 3):	 807720.0	434500.0	734
(6, 9)
136482242
0
--Node (6, 9):	 706755.0	1086250.0	0
(0, 7)
15597969
0
--Node (0, 7):	 100965.0	869000.0	0
(1, 6)
27296447
0
--Node (1, 6):	 201930.0	760375.0	0
(3, 7)
62391881
734
--Node (3, 7):	 403860.0	869000.0	734
(2, 5)
35095433
0
--Node (2, 5):	 302895.0	651750.0	0
(8, 5)
105286301
0
--Node (8, 5):	 908685.0	651750.0	0
(5, 8)
105286301
0
--Node (5, 8):	 605790.0	977625.0	0
(4, 0)
9748730
0
--Node (4, 0):	 504825.0	108625.0	0
(10, 8)
193024886
0
--Node (10, 8):	 1110615.0	977625.0	0
(9, 0)
19497462
1500
--Node (9, 0):	 1009650.0	108625.0	1500
(6, 7)
109185793
0
--Node (6, 7):	 706755.0	869000.0	0
(5, 5)
70190867
0
--Node (5, 5):	 605790.0	651750.0	0
(11, 5)
140381735
993
--Node (11, 5):	 1211580.0	651750.0	993
(10, 7)
171577676
0
--Node (10, 7):	 1110615.0	869000.0	0
(7, 6)
109185793
0
--Node (7, 6):	 807720.0	760375.0	0
(0, 4)
9748730
0
--Node (0, 4):	 100965.0	543125.0	0
(1, 1)
7798984
0
--Node (1, 1):	 201930.0	217250.0	0
(3, 2)
23396955
0
--Node (3, 2):	 403860.0	325875.0	0
(2, 6)
40944672
43
--Node (2, 6):	 302895.0	760375.0	43
(8, 2)
52643150
684
--Node (8, 2):	 908685.0	325875.0	684
(4, 5)
58492389
0
--Node (4, 5):	 504825.0	651750.0	0
(9, 3)
77989852
0
--Node (9, 3):	 1009650.0	434500.0	0
(6, 0)
13648223
0
--Node (6, 0):	 706755.0	108625.0	0
(11, 0)
23396955
0
--Node (11, 0):	 1211580.0	108625.0	0
(7, 5)
93587823
323
--Node (7, 5):	 807720.0	651750.0	323
(0, 1)
3899491
0
--Node (0, 1):	 100965.0	217250.0	0
(3, 1)
15597969
0
--Node (3, 1):	 403860.0	217250.0	0
(9, 9)
194974632
0
--Node (9, 9):	 1009650.0	1086250.0	0
(7, 8)
140381735
993
--Node (7, 8):	 807720.0	977625.0	993
(2, 1)
11698477
0
--Node (2, 1):	 302895.0	217250.0	0
(8, 9)
175477169
0
--Node (8, 9):	 908685.0	1086250.0	0
(9, 4)
97487315
0
--Node (9, 4):	 1009650.0	543125.0	0
(5, 1)
23396955
0
--Node (5, 1):	 605790.0	217250.0	0
(10, 3)
85788837
0
--Node (10, 3):	 1110615.0	434500.0	0
(7, 2)
46793911
0
--Node (7, 2):	 807720.0	325875.0	0
(1, 5)
23396955
0
--Node (1, 5):	 201930.0	651750.0	0
(3, 6)
54592896
2055
--Node (3, 6):	 403860.0	760375.0	2055
(2, 2)
17547716
2940
--Node (2, 2):	 302895.0	325875.0	2940
(8, 6)
122834018
376
--Node (8, 6):	 908685.0	760375.0	376
(4, 1)
19497462
1500
--Node (4, 1):	 504825.0	217250.0	1500
(10, 9)
214472095
0
--Node (10, 9):	 1110615.0	1086250.0	0
(9, 7)
155979705
986
--Node (9, 7):	 1009650.0	869000.0	986
(6, 4)
68241120
0
--Node (6, 4):	 706755.0	543125.0	0
(5, 4)
58492389
0
--Node (5, 4):	 605790.0	543125.0	0
(11, 4)
116984779
0
--Node (11, 4):	 1211580.0	543125.0	0
(10, 4)
107236047
0
--Node (10, 4):	 1110615.0	543125.0	0
(7, 1)
31195940
168
--Node (7, 1):	 807720.0	217250.0	168
(11, 9)
233969559
0
--Node (11, 9):	 1211580.0	1086250.0	0
(0, 5)
11698477
0
--Node (0, 5):	 100965.0	651750.0	0
(1, 0)
3899491
0
--Node (1, 0):	 201930.0	108625.0	0
(0, 8)
17547716
2940
--Node (0, 8):	 100965.0	977625.0	2940
(3, 5)
46793911
0
--Node (3, 5):	 403860.0	651750.0	0
(2, 7)
46793911
0
--Node (2, 7):	 302895.0	869000.0	0
(8, 3)
70190867
0
--Node (8, 3):	 908685.0	434500.0	0
(4, 6)
68241120
0
--Node (4, 6):	 504825.0	760375.0	0
(9, 2)
58492389
0
--Node (9, 2):	 1009650.0	325875.0	0
(6, 1)
27296447
0
--Node (6, 1):	 706755.0	217250.0	0
(5, 7)
93587823
323
--Node (5, 7):	 605790.0	869000.0	323
(11, 3)
93587823
323
--Node (11, 3):	 1211580.0	434500.0	323
(7, 4)
77989852
0
--Node (7, 4):	 807720.0	543125.0	0
(0, 2)
5849238
0
--Node (0, 2):	 100965.0	325875.0	0
(1, 3)
15597969
0
--Node (1, 3):	 201930.0	434500.0	0
(4, 8)
87738584
0
--Node (4, 8):	 504825.0	977625.0	0
(3, 0)
7798984
0
--Node (3, 0):	 403860.0	108625.0	0
(2, 8)
52643150
684
--Node (2, 8):	 302895.0	977625.0	684
(9, 8)
175477169
0
--Node (9, 8):	 1009650.0	977625.0	0
(8, 0)
17547716
2940
--Node (8, 0):	 908685.0	108625.0	2940
(6, 2)
40944672
43
--Node (6, 2):	 706755.0	325875.0	43
(5, 0)
11698477
0
--Node (5, 0):	 605790.0	108625.0	0
(10, 0)
21447208
0
--Node (10, 0):	 1110615.0	108625.0	0
(1, 4)
19497462
1500
--Node (1, 4):	 201930.0	543125.0	1500
(3, 9)
77989852
0
--Node (3, 9):	 403860.0	1086250.0	0
(2, 3)
23396955
0
--Node (2, 3):	 302895.0	434500.0	0
(1, 9)
38994925
0
--Node (1, 9):	 201930.0	1086250.0	0
(8, 7)
140381735
993
--Node (8, 7):	 908685.0	869000.0	993
(4, 2)
29246194
890
--Node (4, 2):	 504825.0	325875.0	890
(9, 6)
136482242
0
--Node (9, 6):	 1009650.0	760375.0	0
(6, 5)
81889345
434
--Node (6, 5):	 706755.0	651750.0	434
(5, 3)
46793911
0
--Node (5, 3):	 605790.0	434500.0	0
(11, 7)
187175647
0
--Node (11, 7):	 1211580.0	869000.0	0
(10, 5)
128683257
0
--Node (10, 5):	 1110615.0	651750.0	0
(7, 0)
15597969
0
--Node (7, 0):	 807720.0	108625.0	0
(6, 8)
122834018
376
--Node (6, 8):	 706755.0	977625.0	376
(11, 8)
210572603
0
--Node (11, 8):	 1211580.0	977625.0	0
(0, 6)
13648223
0
--Node (0, 6):	 100965.0	760375.0	0
(1, 7)
31195940
168
--Node (1, 7):	 201930.0	869000.0	168
(0, 9)
19497462
1500
--Node (0, 9):	 100965.0	1086250.0	1500
(3, 4)
38994925
0
--Node (3, 4):	 403860.0	543125.0	0
(2, 4)
29246194
890
--Node (2, 4):	 302895.0	543125.0	890
(8, 4)
87738584
0
--Node (8, 4):	 908685.0	543125.0	0
(5, 9)
116984779
0
--Node (5, 9):	 605790.0	1086250.0	0
(4, 7)
77989852
0
--Node (4, 7):	 504825.0	869000.0	0
(9, 1)
38994925
0
--Node (9, 1):	 1009650.0	217250.0	0
(6, 6)
95537569
0
--Node (6, 6):	 706755.0	760375.0	0
(5, 6)
81889345
434
--Node (5, 6):	 605790.0	760375.0	434
(11, 2)
70190867
0
--Node (11, 2):	 1211580.0	325875.0	0
(10, 6)
150130466
0
--Node (10, 6):	 1110615.0	760375.0	0
(7, 7)
124783764
225
--Node (7, 7):	 807720.0	869000.0	225
(0, 3)
7798984
0
--Node (0, 3):	 100965.0	434500.0	0
(1, 2)
11698477
0
--Node (1, 2):	 201930.0	325875.0	0
(4, 9)
97487315
0
--Node (4, 9):	 504825.0	1086250.0	0
(3, 3)
31195940
168
--Node (3, 3):	 403860.0	434500.0	168
(2, 9)
58492389
0
--Node (2, 9):	 302895.0	1086250.0	0
(8, 1)
35095433
0
--Node (8, 1):	 908685.0	217250.0	0
(4, 4)
48743657
0
--Node (4, 4):	 504825.0	543125.0	0
(6, 3)
54592896
2055
--Node (6, 3):	 706755.0	434500.0	2055
(11, 1)
46793911
0
--Node (11, 1):	 1211580.0	217250.0	0
(0, 0)
1949745
0
--Node (0, 0):	 100965.0	108625.0	0
(10, 1)
42894418
326
--Node (10, 1):	 1110615.0	217250.0	326
(7, 9)
155979705
986
--Node (7, 9):	 807720.0	1086250.0	986
(3, 8)
70190867
0
--Node (3, 8):	 403860.0	977625.0	0
(2, 0)
5849238
0
--Node (2, 0):	 302895.0	108625.0	0
(1, 8)
35095433
0
--Node (1, 8):	 201930.0	977625.0	0
(8, 8)
157929452
0
--Node (8, 8):	 908685.0	977625.0	0
(4, 3)
38994925
0
--Node (4, 3):	 504825.0	434500.0	0
(9, 5)
116984779
0
--Node (9, 5):	 1009650.0	651750.0	0
(5, 2)
35095433
0
--Node (5, 2):	 605790.0	325875.0	0
(11, 6)
163778691
0
--Node (11, 6):	 1211580.0	760375.0	0
(10, 2)
64341628
0
--Node (10, 2):	 1110615.0	325875.0	0
-- Map for coarsnes: 3
(7, 3)
27729724
0
--Node (7, 3):	 538480.0	289666.666667	0
(6, 9)
60658773
0
--Node (6, 9):	 471170.0	724166.666667	0
(17, 11)
187175647
0
--Node (17, 11):	 1211580.0	869000.0	0
(12, 1)
22530401
61
--Node (12, 1):	 875030.0	144833.333333	61
(11, 11)
124783764
225
--Node (11, 11):	 807720.0	869000.0	225
(16, 6)
103119916
300
--Node (16, 6):	 1144270.0	506916.666667	300
(7, 12)
90121607
0
--Node (7, 12):	 538480.0	941416.666667	0
(14, 4)
64991543
378
--Node (14, 4):	 1009650.0	362083.333333	378
(13, 4)
60658773
0
--Node (13, 4):	 942340.0	362083.333333	0
(12, 12)
146447612
379
--Node (12, 12):	 875030.0	941416.666667	379
(0, 7)
6932430
0
--Node (0, 7):	 67310.0	579333.333333	0
(15, 1)
27729724
0
--Node (15, 1):	 1076960.0	144833.333333	0
(1, 6)
12131753
0
--Node (1, 6):	 134620.0	506916.666667	0
(0, 10)
9532092
0
--Node (0, 10):	 67310.0	796583.333333	0
(17, 13)
218371588
0
--Node (17, 13):	 1211580.0	1013833.33333	0
(3, 7)
27729724
0
--Node (3, 7):	 269240.0	579333.333333	0
(2, 5)
15597969
0
--Node (2, 5):	 201930.0	434500.0	0
(1, 11)
20797293
0
--Node (1, 11):	 134620.0	869000.0	0
(8, 5)
46793911
0
--Node (8, 5):	 605790.0	434500.0	0
(5, 8)
46793911
0
--Node (5, 8):	 403860.0	651750.0	0
(4, 0)
4332768
0
--Node (4, 0):	 336550.0	72416.6666667	0
(10, 8)
85788837
0
--Node (10, 8):	 740410.0	651750.0	0
(9, 0)
8665538
0
--Node (9, 0):	 673100.0	72416.6666667	0
(16, 3)
58925665
0
--Node (16, 3):	 1144270.0	289666.666667	0
(6, 7)
48527018
0
--Node (6, 7):	 471170.0	579333.333333	0
(5, 5)
31195940
168
--Node (5, 5):	 403860.0	434500.0	168
(11, 5)
62391881
734
--Node (11, 5):	 807720.0	434500.0	734
(10, 7)
76256744
0
--Node (10, 7):	 740410.0	579333.333333	0
(7, 6)
48527018
0
--Node (7, 6):	 538480.0	506916.666667	0
(6, 10)
66724651
0
--Node (6, 10):	 471170.0	796583.333333	0
(12, 6)
78856406
0
--Node (12, 6):	 875030.0	506916.666667	0
(17, 2)
46793911
0
--Node (17, 2):	 1211580.0	217250.0	0
(15, 11)
166378352
0
--Node (15, 11):	 1076960.0	869000.0	0
(14, 1)
25996616
0
--Node (14, 1):	 1009650.0	144833.333333	0
(13, 7)
97054038
0
--Node (13, 7):	 942340.0	579333.333333	0
(0, 4)
4332768
0
--Node (0, 4):	 67310.0	362083.333333	0
(15, 4)
69324313
0
--Node (15, 4):	 1076960.0	362083.333333	0
(1, 1)
3466214
0
--Node (1, 1):	 134620.0	144833.333333	0
(4, 10)
47660464
256
--Node (4, 10):	 336550.0	796583.333333	256
(3, 2)
10398646
990
--Node (3, 2):	 269240.0	217250.0	990
(2, 6)
18197631
0
--Node (2, 6):	 201930.0	506916.666667	0
(9, 14)
129983087
84
--Node (9, 14):	 673100.0	1086250.0	84
(8, 2)
23396955
0
--Node (8, 2):	 605790.0	217250.0	0
(5, 11)
62391881
734
--Node (5, 11):	 403860.0	869000.0	734
(4, 5)
25996616
0
--Node (4, 5):	 336550.0	434500.0	0
(10, 13)
133449303
0
--Node (10, 13):	 740410.0	1013833.33333	0
(9, 3)
34662156
0
--Node (9, 3):	 673100.0	289666.666667	0
(6, 0)
6065876
0
--Node (6, 0):	 471170.0	72416.6666667	0
(11, 0)
10398646
990
--Node (11, 0):	 807720.0	72416.6666667	990
(7, 5)
41594587
0
--Node (7, 5):	 538480.0	434500.0	0
(12, 11)
135182411
0
--Node (12, 11):	 875030.0	869000.0	0
(16, 5)
88388499
128
--Node (16, 5):	 1144270.0	434500.0	128
(15, 14)
207972941
0
--Node (15, 14):	 1076960.0	1086250.0	0
(14, 2)
38994925
0
--Node (14, 2):	 1009650.0	217250.0	0
(13, 10)
133449303
0
--Node (13, 10):	 942340.0	796583.333333	0
(0, 1)
1733106
0
--Node (0, 1):	 67310.0	144833.333333	0
(3, 12)
45060803
0
--Node (3, 12):	 269240.0	941416.666667	0
(1, 12)
22530401
61
--Node (1, 12):	 134620.0	941416.666667	61
(8, 12)
101386808
4
--Node (8, 12):	 605790.0	941416.666667	4
(16, 8)
132582749
0
--Node (16, 8):	 1144270.0	651750.0	0
(3, 1)
6932430
0
--Node (3, 1):	 269240.0	144833.333333	0
(2, 11)
31195940
168
--Node (2, 11):	 201930.0	869000.0	168
(9, 9)
86655391
1277
--Node (9, 9):	 673100.0	724166.666667	1277
(5, 14)
77989852
0
--Node (5, 14):	 403860.0	1086250.0	0
(10, 14)
142981396
0
--Node (10, 14):	 740410.0	1086250.0	0
(6, 13)
84922283
0
--Node (6, 13):	 471170.0	1013833.33333	0
(7, 8)
62391881
734
--Node (7, 8):	 538480.0	651750.0	734
(14, 8)
116984779
0
--Node (14, 8):	 1009650.0	651750.0	0
(13, 0)
12131753
0
--Node (13, 0):	 942340.0	72416.6666667	0
(12, 8)
101386808
4
--Node (12, 8):	 875030.0	651750.0	4
(16, 0)
14731415
1926
--Node (16, 0):	 1144270.0	72416.6666667	1926
(15, 13)
194108078
0
--Node (15, 13):	 1076960.0	1013833.33333	0
(13, 13)
169844568
0
--Node (13, 13):	 942340.0	1013833.33333	0
(0, 14)
12998307
1101
--Node (0, 14):	 67310.0	1086250.0	1101
(3, 11)
41594587
0
--Node (3, 11):	 269240.0	869000.0	0
(2, 1)
5199322
0
--Node (2, 1):	 201930.0	144833.333333	0
(8, 9)
77989852
0
--Node (8, 9):	 605790.0	724166.666667	0
(4, 12)
56326004
0
--Node (4, 12):	 336550.0	941416.666667	0
(2, 12)
33795602
125
--Node (2, 12):	 201930.0	941416.666667	125
(9, 4)
43327695
34
--Node (9, 4):	 673100.0	362083.333333	34
(16, 14)
220971250
0
--Node (16, 14):	 1144270.0	1086250.0	0
(5, 1)
10398646
990
--Node (5, 1):	 403860.0	144833.333333	990
(10, 3)
38128371
265
--Node (10, 3):	 740410.0	289666.666667	265
(7, 2)
20797293
0
--Node (7, 2):	 538480.0	217250.0	0
(6, 14)
90988161
144
--Node (6, 14):	 471170.0	1086250.0	144
(12, 2)
33795602
125
--Node (12, 2):	 875030.0	217250.0	125
(11, 10)
114385117
0
--Node (11, 10):	 807720.0	796583.333333	0
(17, 6)
109185793
0
--Node (17, 6):	 1211580.0	506916.666667	0
(16, 10)
162045583
0
--Node (16, 10):	 1144270.0	796583.333333	0
(14, 5)
77989852
0
--Node (14, 5):	 1009650.0	434500.0	0
(13, 3)
48527018
0
--Node (13, 3):	 942340.0	289666.666667	0
(12, 13)
157712813
0
--Node (12, 13):	 875030.0	1013833.33333	0
(16, 4)
73657082
0
--Node (16, 4):	 1144270.0	362083.333333	0
(15, 0)
13864861
0
--Node (15, 0):	 1076960.0	72416.6666667	0
(1, 5)
10398646
990
--Node (1, 5):	 134620.0	434500.0	990
(0, 11)
10398646
990
--Node (0, 11):	 67310.0	869000.0	990
(3, 6)
24263508
624
--Node (3, 6):	 269240.0	506916.666667	624
(2, 2)
7798984
0
--Node (2, 2):	 201930.0	217250.0	0
(1, 10)
19064185
0
--Node (1, 10):	 134620.0	796583.333333	0
(8, 6)
54592896
2055
--Node (8, 6):	 605790.0	506916.666667	2055
(4, 1)
8665538
0
--Node (4, 1):	 336550.0	144833.333333	0
(10, 9)
95320930
0
--Node (10, 9):	 740410.0	724166.666667	0
(9, 7)
69324313
0
--Node (9, 7):	 673100.0	579333.333333	0
(6, 4)
30329386
0
--Node (6, 4):	 471170.0	362083.333333	0
(5, 4)
25996616
0
--Node (5, 4):	 403860.0	362083.333333	0
(11, 4)
51993234
0
--Node (11, 4):	 807720.0	362083.333333	0
(10, 4)
47660464
256
--Node (10, 4):	 740410.0	362083.333333	256
(7, 1)
13864861
0
--Node (7, 1):	 538480.0	144833.333333	0
(6, 11)
72790528
0
--Node (6, 11):	 471170.0	869000.0	0
(12, 7)
90121607
0
--Node (12, 7):	 875030.0	579333.333333	0
(11, 9)
103986470
0
--Node (11, 9):	 807720.0	724166.666667	0
(17, 1)
31195940
168
--Node (17, 1):	 1211580.0	144833.333333	168
(15, 10)
152513489
0
--Node (15, 10):	 1076960.0	796583.333333	0
(14, 6)
90988161
144
--Node (14, 6):	 1009650.0	506916.666667	144
(13, 6)
84922283
0
--Node (13, 6):	 942340.0	506916.666667	0
(0, 5)
5199322
0
--Node (0, 5):	 67310.0	434500.0	0
(15, 7)
110918901
0
--Node (15, 7):	 1076960.0	579333.333333	0
(1, 0)
1733106
0
--Node (1, 0):	 134620.0	72416.6666667	0
(0, 8)
7798984
0
--Node (0, 8):	 67310.0	651750.0	0
(4, 11)
51993234
0
--Node (4, 11):	 336550.0	869000.0	0
(3, 5)
20797293
0
--Node (3, 5):	 269240.0	434500.0	0
(2, 7)
20797293
0
--Node (2, 7):	 201930.0	579333.333333	0
(9, 13)
121317548
0
--Node (9, 13):	 673100.0	1013833.33333	0
(8, 3)
31195940
168
--Node (8, 3):	 605790.0	289666.666667	168
(5, 10)
57192558
467
--Node (5, 10):	 403860.0	796583.333333	467
(4, 6)
30329386
0
--Node (4, 6):	 336550.0	506916.666667	0
(10, 10)
104853024
0
--Node (10, 10):	 740410.0	796583.333333	0
(9, 2)
25996616
0
--Node (9, 2):	 673100.0	217250.0	0
(16, 13)
206239833
0
--Node (16, 13):	 1144270.0	1013833.33333	0
(6, 1)
12131753
0
--Node (6, 1):	 471170.0	144833.333333	0
(5, 7)
41594587
0
--Node (5, 7):	 403860.0	579333.333333	0
(11, 3)
41594587
0
--Node (11, 3):	 807720.0	289666.666667	0
(7, 4)
34662156
0
--Node (7, 4):	 538480.0	362083.333333	0
(14, 12)
168978014
0
--Node (14, 12):	 1009650.0	941416.666667	0
(12, 4)
56326004
0
--Node (12, 4):	 875030.0	362083.333333	0
(17, 12)
202773617
0
--Node (17, 12):	 1211580.0	941416.666667	0
(15, 9)
138648627
0
--Node (15, 9):	 1076960.0	724166.666667	0
(14, 3)
51993234
0
--Node (14, 3):	 1009650.0	289666.666667	0
(13, 9)
121317548
0
--Node (13, 9):	 942340.0	724166.666667	0
(0, 2)
2599660
0
--Node (0, 2):	 67310.0	217250.0	0
(1, 3)
6932430
0
--Node (1, 3):	 134620.0	289666.666667	0
(8, 13)
109185793
0
--Node (8, 13):	 605790.0	1013833.33333	0
(4, 8)
38994925
0
--Node (4, 8):	 336550.0	651750.0	0
(3, 0)
3466214
0
--Node (3, 0):	 269240.0	72416.6666667	0
(2, 8)
23396955
0
--Node (2, 8):	 201930.0	651750.0	0
(9, 8)
77989852
0
--Node (9, 8):	 673100.0	651750.0	0
(8, 0)
7798984
0
--Node (8, 0):	 605790.0	72416.6666667	0
(5, 13)
72790528
0
--Node (5, 13):	 403860.0	1013833.33333	0
(6, 2)
18197631
0
--Node (6, 2):	 471170.0	217250.0	0
(11, 14)
155979705
986
--Node (11, 14):	 807720.0	1086250.0	986
(7, 11)
83189175
0
--Node (7, 11):	 538480.0	869000.0	0
(14, 9)
129983087
84
--Node (14, 9):	 1009650.0	724166.666667	84
(12, 9)
112652009
117
--Node (12, 9):	 875030.0	724166.666667	117
(15, 12)
180243215
0
--Node (15, 12):	 1076960.0	941416.666667	0
(13, 12)
157712813
0
--Node (13, 12):	 942340.0	941416.666667	0
(3, 10)
38128371
265
--Node (3, 10):	 269240.0	796583.333333	265
(1, 14)
25996616
0
--Node (1, 14):	 134620.0	1086250.0	0
(8, 10)
85788837
0
--Node (8, 10):	 605790.0	796583.333333	0
(4, 13)
60658773
0
--Node (4, 13):	 336550.0	1013833.33333	0
(2, 13)
36395263
26
--Node (2, 13):	 201930.0	1013833.33333	26
(9, 11)
103986470
0
--Node (9, 11):	 673100.0	869000.0	0
(5, 0)
5199322
0
--Node (5, 0):	 403860.0	72416.6666667	0
(17, 7)
124783764
225
--Node (17, 7):	 1211580.0	579333.333333	225
(10, 0)
9532092
0
--Node (10, 0):	 740410.0	72416.6666667	0
(16, 12)
191508416
0
--Node (16, 12):	 1144270.0	941416.666667	0
(16, 9)
147314166
2
--Node (16, 9):	 1144270.0	724166.666667	2
(12, 3)
45060803
0
--Node (12, 3):	 875030.0	289666.666667	0
(11, 13)
145581058
0
--Node (11, 13):	 807720.0	1013833.33333	0
(17, 5)
93587823
323
--Node (17, 5):	 1211580.0	434500.0	323
(7, 14)
103986470
0
--Node (7, 14):	 538480.0	1086250.0	0
(14, 10)
142981396
0
--Node (14, 10):	 1009650.0	796583.333333	0
(13, 2)
36395263
26
--Node (13, 2):	 942340.0	217250.0	26
(12, 14)
168978014
0
--Node (12, 14):	 875030.0	1086250.0	0
(17, 10)
171577676
0
--Node (17, 10):	 1211580.0	796583.333333	0
(15, 3)
55459450
58
--Node (15, 3):	 1076960.0	289666.666667	58
(17, 8)
140381735
993
--Node (17, 8):	 1211580.0	651750.0	993
(1, 4)
8665538
0
--Node (1, 4):	 134620.0	362083.333333	0
(0, 12)
11265200
0
--Node (0, 12):	 67310.0	941416.666667	0
(3, 9)
34662156
0
--Node (3, 9):	 269240.0	724166.666667	0
(2, 3)
10398646
990
--Node (2, 3):	 201930.0	289666.666667	990
(1, 9)
17331077
2691
--Node (1, 9):	 134620.0	724166.666667	2691
(8, 7)
62391881
734
--Node (8, 7):	 605790.0	579333.333333	734
(4, 2)
12998307
1101
--Node (4, 2):	 336550.0	217250.0	1101
(2, 14)
38994925
0
--Node (2, 14):	 201930.0	1086250.0	0
(9, 6)
60658773
0
--Node (9, 6):	 673100.0	506916.666667	0
(6, 5)
36395263
26
--Node (6, 5):	 471170.0	434500.0	26
(5, 3)
20797293
0
--Node (5, 3):	 403860.0	289666.666667	0
(11, 7)
83189175
0
--Node (11, 7):	 807720.0	579333.333333	0
(10, 5)
57192558
467
--Node (10, 5):	 740410.0	434500.0	467
(7, 0)
6932430
0
--Node (7, 0):	 538480.0	72416.6666667	0
(6, 8)
54592896
2055
--Node (6, 8):	 471170.0	651750.0	2055
(12, 0)
11265200
0
--Node (12, 0):	 875030.0	72416.6666667	0
(11, 8)
93587823
323
--Node (11, 8):	 807720.0	651750.0	323
(17, 0)
15597969
0
--Node (17, 0):	 1211580.0	72416.6666667	0
(7, 13)
97054038
0
--Node (7, 13):	 538480.0	1013833.33333	0
(14, 7)
103986470
0
--Node (14, 7):	 1009650.0	579333.333333	0
(13, 5)
72790528
0
--Node (13, 5):	 942340.0	434500.0	0
(0, 6)
6065876
0
--Node (0, 6):	 67310.0	506916.666667	0
(15, 6)
97054038
0
--Node (15, 6):	 1076960.0	506916.666667	0
(1, 7)
13864861
0
--Node (1, 7):	 134620.0	579333.333333	0
(0, 9)
8665538
0
--Node (0, 9):	 67310.0	724166.666667	0
(16, 1)
29462832
35
--Node (16, 1):	 1144270.0	144833.333333	35
(3, 4)
17331077
2691
--Node (3, 4):	 269240.0	362083.333333	2691
(2, 4)
12998307
1101
--Node (2, 4):	 201930.0	362083.333333	1101
(9, 12)
112652009
117
--Node (9, 12):	 673100.0	941416.666667	117
(8, 4)
38994925
0
--Node (8, 4):	 605790.0	362083.333333	0
(5, 9)
51993234
0
--Node (5, 9):	 403860.0	724166.666667	0
(4, 7)
34662156
0
--Node (4, 7):	 336550.0	579333.333333	0
(10, 11)
114385117
0
--Node (10, 11):	 740410.0	869000.0	0
(9, 1)
17331077
2691
--Node (9, 1):	 673100.0	144833.333333	2691
(6, 6)
42461141
0
--Node (6, 6):	 471170.0	506916.666667	0
(5, 6)
36395263
26
--Node (5, 6):	 403860.0	506916.666667	26
(11, 2)
31195940
168
--Node (11, 2):	 807720.0	217250.0	168
(10, 6)
66724651
0
--Node (10, 6):	 740410.0	506916.666667	0
(7, 7)
55459450
58
--Node (7, 7):	 538480.0	579333.333333	58
(14, 13)
181976323
0
--Node (14, 13):	 1009650.0	1013833.33333	0
(12, 5)
67591205
31
--Node (12, 5):	 875030.0	434500.0	31
(17, 3)
62391881
734
--Node (17, 3):	 1211580.0	289666.666667	734
(15, 8)
124783764
225
--Node (15, 8):	 1076960.0	651750.0	225
(14, 0)
12998307
1101
--Node (14, 0):	 1009650.0	72416.6666667	1101
(13, 8)
109185793
0
--Node (13, 8):	 942340.0	651750.0	0
(16, 2)
44194249
0
--Node (16, 2):	 1144270.0	217250.0	0
(0, 3)
3466214
0
--Node (0, 3):	 67310.0	289666.666667	0
(15, 5)
83189175
0
--Node (15, 5):	 1076960.0	434500.0	0
(3, 14)
51993234
0
--Node (3, 14):	 269240.0	1086250.0	0
(1, 2)
5199322
0
--Node (1, 2):	 134620.0	217250.0	0
(8, 14)
116984779
0
--Node (8, 14):	 605790.0	1086250.0	0
(4, 9)
43327695
34
--Node (4, 9):	 336550.0	724166.666667	34
(3, 3)
13864861
0
--Node (3, 3):	 269240.0	289666.666667	0
(2, 9)
25996616
0
--Node (2, 9):	 201930.0	724166.666667	0
(8, 1)
15597969
0
--Node (8, 1):	 605790.0	144833.333333	0
(5, 12)
67591205
31
--Node (5, 12):	 403860.0	941416.666667	31
(4, 4)
21663847
1191
--Node (4, 4):	 336550.0	362083.333333	1191
(10, 12)
123917210
0
--Node (10, 12):	 740410.0	941416.666667	0
(6, 3)
24263508
624
--Node (6, 3):	 471170.0	289666.666667	624
(11, 1)
20797293
0
--Node (11, 1):	 807720.0	144833.333333	0
(16, 7)
117851332
351
--Node (16, 7):	 1144270.0	579333.333333	351
(7, 10)
76256744
0
--Node (7, 10):	 538480.0	796583.333333	0
(14, 14)
194974632
0
--Node (14, 14):	 1009650.0	1086250.0	0
(12, 10)
123917210
0
--Node (12, 10):	 875030.0	796583.333333	0
(17, 14)
233969559
0
--Node (17, 14):	 1211580.0	1086250.0	0
(13, 11)
145581058
0
--Node (13, 11):	 942340.0	869000.0	0
(0, 0)
866552
0
--Node (0, 0):	 67310.0	72416.6666667	0
(3, 13)
48527018
0
--Node (3, 13):	 269240.0	1013833.33333	0
(1, 13)
24263508
624
--Node (1, 13):	 134620.0	1013833.33333	624
(8, 11)
93587823
323
--Node (8, 11):	 605790.0	869000.0	323
(16, 11)
176776999
0
--Node (16, 11):	 1144270.0	869000.0	0
(4, 14)
64991543
378
--Node (4, 14):	 336550.0	1086250.0	378
(2, 10)
28596278
1006
--Node (2, 10):	 201930.0	796583.333333	1006
(9, 10)
95320930
0
--Node (9, 10):	 673100.0	796583.333333	0
(10, 1)
19064185
0
--Node (10, 1):	 740410.0	144833.333333	0
(6, 12)
78856406
0
--Node (6, 12):	 471170.0	941416.666667	0
(11, 12)
135182411
0
--Node (11, 12):	 807720.0	941416.666667	0
(17, 4)
77989852
0
--Node (17, 4):	 1211580.0	362083.333333	0
(7, 9)
69324313
0
--Node (7, 9):	 538480.0	724166.666667	0
(14, 11)
155979705
986
--Node (14, 11):	 1009650.0	869000.0	986
(13, 1)
24263508
624
--Node (13, 1):	 942340.0	144833.333333	624
(17, 9)
155979705
986
--Node (17, 9):	 1211580.0	724166.666667	986
(15, 2)
41594587
0
--Node (15, 2):	 1076960.0	217250.0	0
(13, 14)
181976323
0
--Node (13, 14):	 942340.0	1086250.0	0
(0, 13)
12131753
0
--Node (0, 13):	 67310.0	1013833.33333	0
(3, 8)
31195940
168
--Node (3, 8):	 269240.0	651750.0	168
(2, 0)
2599660
0
--Node (2, 0):	 201930.0	72416.6666667	0
(1, 8)
15597969
0
--Node (1, 8):	 134620.0	651750.0	0
(8, 8)
70190867
0
--Node (8, 8):	 605790.0	651750.0	0
(4, 3)
17331077
2691
--Node (4, 3):	 336550.0	289666.666667	2691
(9, 5)
51993234
0
--Node (9, 5):	 673100.0	434500.0	0
(5, 2)
15597969
0
--Node (5, 2):	 403860.0	217250.0	0
(11, 6)
72790528
0
--Node (11, 6):	 807720.0	506916.666667	0
(10, 2)
28596278
1006
--Node (10, 2):	 740410.0	217250.0	1006
-- Map for coarsnes: 4
(7, 3)
15597969
0
--Node (7, 3):	 403860.0	217250.0	0
(16, 9)
82864218
0
--Node (16, 9):	 858202.5	543125.0	0
(19, 4)
48743657
0
--Node (19, 4):	 1009650.0	271562.5	0
(22, 19)
224220827
0
--Node (22, 19):	 1161097.5	1086250.0	0
(20, 7)
81889345
434
--Node (20, 7):	 1060132.5	434500.0	434
(18, 19)
185225900
0
--Node (18, 19):	 959167.5	1086250.0	0
(21, 6)
75065232
0
--Node (21, 6):	 1110615.0	380187.5	0
(8, 5)
26321574
2319
--Node (8, 5):	 454342.5	325875.0	2319
(9, 0)
4874364
0
--Node (9, 0):	 504825.0	54312.5	0
(10, 7)
42894418
326
--Node (10, 7):	 555307.5	434500.0	326
(0, 17)
8773857
0
--Node (0, 17):	 50482.5	977625.0	0
(14, 1)
14623096
0
--Node (14, 1):	 757237.5	108625.0	0
(12, 17)
114060159
0
--Node (12, 17):	 656272.5	977625.0	0
(15, 4)
38994925
0
--Node (15, 4):	 807720.0	271562.5	0
(3, 2)
5849238
0
--Node (3, 2):	 201930.0	162937.5	0
(4, 5)
14623096
0
--Node (4, 5):	 252412.5	325875.0	0
(16, 0)
8286420
0
--Node (16, 0):	 858202.5	54312.5	0
(19, 13)
136482242
0
--Node (19, 13):	 1009650.0	760375.0	0
(17, 13)
122834018
376
--Node (17, 13):	 908685.0	760375.0	376
(20, 14)
153542522
0
--Node (20, 14):	 1060132.5	814687.5	0
(18, 10)
101874244
0
--Node (18, 10):	 959167.5	597437.5	0
(23, 19)
233969559
0
--Node (23, 19):	 1211580.0	1086250.0	0
(21, 15)
171577676
0
--Node (21, 15):	 1110615.0	869000.0	0
(8, 12)
57030079
845
--Node (8, 12):	 454342.5	706062.5	845
(22, 12)
145743537
0
--Node (22, 12):	 1161097.5	706062.5	0
(9, 9)
48743657
0
--Node (9, 9):	 504825.0	543125.0	0
(23, 9)
116984779
0
--Node (23, 9):	 1211580.0	543125.0	0
(10, 14)
80427035
0
--Node (10, 14):	 555307.5	814687.5	0
(8, 18)
83351654
0
--Node (8, 18):	 454342.5	1031937.5	0
(11, 15)
93587823
323
--Node (11, 15):	 605790.0	869000.0	323
(9, 19)
97487315
0
--Node (9, 19):	 504825.0	1086250.0	0
(14, 8)
65803937
0
--Node (14, 8):	 757237.5	488812.5	0
(12, 8)
57030079
845
--Node (12, 8):	 656272.5	488812.5	845
(15, 13)
109185793
0
--Node (15, 13):	 807720.0	760375.0	0
(13, 13)
95537569
0
--Node (13, 13):	 706755.0	760375.0	0
(2, 18)
27783884
0
--Node (2, 18):	 151447.5	1031937.5	0
(0, 14)
7311547
0
--Node (0, 14):	 50482.5	814687.5	0
(3, 11)
23396955
0
--Node (3, 11):	 201930.0	651750.0	0
(1, 15)
15597969
0
--Node (1, 15):	 100965.0	869000.0	0
(4, 12)
31683376
482
--Node (4, 12):	 252412.5	706062.5	482
(2, 12)
19010025
0
--Node (2, 12):	 151447.5	706062.5	0
(5, 1)
5849238
0
--Node (5, 1):	 302895.0	108625.0	0
(3, 17)
35095433
0
--Node (3, 17):	 201930.0	977625.0	0
(16, 7)
66291374
0
--Node (16, 7):	 858202.5	434500.0	0
(6, 14)
51180840
0
--Node (6, 14):	 353377.5	814687.5	0
(19, 18)
185225900
0
--Node (19, 18):	 1009650.0	1031937.5	0
(17, 6)
61417008
0
--Node (17, 6):	 908685.0	380187.5	0
(7, 15)
62391881
734
--Node (7, 15):	 403860.0	869000.0	734
(18, 5)
55567769
2
--Node (18, 5):	 959167.5	325875.0	2
(21, 8)
96512442
0
--Node (21, 8):	 1110615.0	488812.5	0
(22, 7)
89688330
0
--Node (22, 7):	 1161097.5	434500.0	0
(23, 6)
81889345
434
--Node (23, 6):	 1211580.0	380187.5	434
(10, 9)
53618023
0
--Node (10, 9):	 555307.5	543125.0	0
(11, 4)
29246194
890
--Node (11, 4):	 605790.0	271562.5	890
(14, 19)
146230974
0
--Node (14, 19):	 757237.5	1086250.0	0
(12, 7)
50693403
9
--Node (12, 7):	 656272.5	434500.0	9
(10, 19)
107236047
0
--Node (10, 19):	 555307.5	1086250.0	0
(15, 10)
85788837
0
--Node (15, 10):	 807720.0	597437.5	0
(13, 6)
47768784
113
--Node (13, 6):	 706755.0	380187.5	113
(0, 5)
2924618
0
--Node (0, 5):	 50482.5	325875.0	0
(1, 0)
974872
0
--Node (1, 0):	 100965.0	54312.5	0
(4, 11)
29246194
890
--Node (4, 11):	 252412.5	651750.0	890
(2, 7)
11698477
0
--Node (2, 7):	 151447.5	434500.0	0
(5, 10)
32170813
0
--Node (5, 10):	 302895.0	597437.5	0
(6, 1)
6824111
0
--Node (6, 1):	 353377.5	108625.0	0
(4, 17)
43869291
0
--Node (4, 17):	 252412.5	977625.0	0
(7, 4)
19497462
1500
--Node (7, 4):	 403860.0	271562.5	1500
(21, 17)
193024886
0
--Node (21, 17):	 1110615.0	977625.0	0
(19, 1)
19497462
1500
--Node (19, 1):	 1009650.0	108625.0	1500
(17, 17)
157929452
0
--Node (17, 17):	 908685.0	977625.0	0
(8, 0)
4386928
0
--Node (8, 0):	 454342.5	54312.5	0
(15, 19)
155979705
986
--Node (15, 19):	 807720.0	1086250.0	986
(11, 19)
116984779
0
--Node (11, 19):	 605790.0	1086250.0	0
(16, 11)
99437062
0
--Node (16, 11):	 858202.5	651750.0	0
(6, 18)
64829064
153
--Node (6, 18):	 353377.5	1031937.5	153
(19, 6)
68241120
0
--Node (19, 6):	 1009650.0	380187.5	0
(17, 10)
96512442
0
--Node (17, 10):	 908685.0	597437.5	0
(22, 17)
201798744
0
--Node (22, 17):	 1161097.5	977625.0	0
(20, 1)
20472335
0
--Node (20, 1):	 1060132.5	108625.0	0
(18, 17)
166703310
0
--Node (18, 17):	 959167.5	977625.0	0
(21, 4)
53618023
0
--Node (21, 4):	 1110615.0	271562.5	0
(8, 7)
35095433
0
--Node (8, 7):	 454342.5	434500.0	0
(22, 11)
134532496
870
--Node (22, 11):	 1161097.5	651750.0	870
(9, 6)
34120559
24
--Node (9, 6):	 504825.0	380187.5	24
(10, 5)
32170813
0
--Node (10, 5):	 555307.5	325875.0	0
(11, 8)
52643150
684
--Node (11, 8):	 605790.0	488812.5	684
(0, 19)
9748730
0
--Node (0, 19):	 50482.5	1086250.0	0
(14, 7)
58492389
0
--Node (14, 7):	 757237.5	434500.0	0
(12, 19)
126733510
0
--Node (12, 19):	 656272.5	1086250.0	0
(1, 18)
18522589
0
--Node (1, 18):	 100965.0	1031937.5	0
(15, 6)
54592896
2055
--Node (15, 6):	 807720.0	380187.5	2055
(13, 18)
129658130
174
--Node (13, 18):	 706755.0	1031937.5	174
(0, 9)
4874364
0
--Node (0, 9):	 50482.5	543125.0	0
(3, 4)
9748730
0
--Node (3, 4):	 201930.0	271562.5	0
(4, 7)
19497462
1500
--Node (4, 7):	 252412.5	434500.0	1500
(5, 6)
20472335
0
--Node (5, 6):	 302895.0	380187.5	0
(16, 2)
24859264
24
--Node (16, 2):	 858202.5	162937.5	24
(19, 15)
155979705
986
--Node (19, 15):	 1009650.0	869000.0	986
(17, 3)
35095433
0
--Node (17, 3):	 908685.0	217250.0	0
(7, 16)
66291374
0
--Node (7, 16):	 403860.0	923312.5	0
(20, 8)
92125513
0
--Node (20, 8):	 1060132.5	488812.5	0
(18, 8)
83351654
0
--Node (18, 8):	 959167.5	488812.5	0
(21, 13)
150130466
0
--Node (21, 13):	 1110615.0	760375.0	0
(8, 14)
65803937
0
--Node (8, 14):	 454342.5	814687.5	0
(22, 2)
33633123
151
--Node (22, 2):	 1161097.5	162937.5	151
(9, 15)
77989852
0
--Node (9, 15):	 504825.0	869000.0	0
(23, 11)
140381735
993
--Node (23, 11):	 1211580.0	651750.0	993
(10, 12)
69703430
490
--Node (10, 12):	 555307.5	706062.5	490
(11, 1)
11698477
0
--Node (11, 1):	 605790.0	108625.0	0
(9, 17)
87738584
0
--Node (9, 17):	 504825.0	977625.0	0
(14, 14)
109673230
0
--Node (14, 14):	 757237.5	814687.5	0
(12, 10)
69703430
490
--Node (12, 10):	 656272.5	597437.5	490
(15, 15)
124783764
225
--Node (15, 15):	 807720.0	869000.0	225
(13, 11)
81889345
434
--Node (13, 11):	 706755.0	651750.0	434
(2, 16)
24859264
24
--Node (2, 16):	 151447.5	923312.5	24
(0, 0)
487435
0
--Node (0, 0):	 50482.5	54312.5	0
(3, 13)
27296447
0
--Node (3, 13):	 201930.0	760375.0	0
(1, 13)
13648223
0
--Node (1, 13):	 100965.0	760375.0	0
(4, 14)
36557742
2
--Node (4, 14):	 252412.5	814687.5	2
(2, 10)
16085406
0
--Node (2, 10):	 151447.5	597437.5	0
(5, 15)
46793911
0
--Node (5, 15):	 302895.0	869000.0	0
(3, 19)
38994925
0
--Node (3, 19):	 201930.0	1086250.0	0
(6, 12)
44356728
0
--Node (6, 12):	 353377.5	706062.5	0
(17, 4)
43869291
0
--Node (17, 4):	 908685.0	271562.5	0
(7, 9)
38994925
0
--Node (7, 9):	 403860.0	543125.0	0
(18, 3)
37045179
0
--Node (18, 3):	 959167.5	217250.0	0
(22, 5)
67266247
167
--Node (22, 5):	 1161097.5	325875.0	167
(23, 0)
11698477
0
--Node (23, 0):	 1211580.0	54312.5	0
(11, 6)
40944672
43
--Node (11, 6):	 605790.0	380187.5	43
(14, 17)
131607876
0
--Node (14, 17):	 757237.5	977625.0	0
(12, 1)
12673350
1803
--Node (12, 1):	 656272.5	108625.0	1803
(10, 17)
96512442
0
--Node (10, 17):	 555307.5	977625.0	0
(13, 4)
34120559
24
--Node (13, 4):	 706755.0	271562.5	24
(0, 7)
3899491
0
--Node (0, 7):	 50482.5	434500.0	0
(1, 6)
6824111
0
--Node (1, 6):	 100965.0	380187.5	0
(2, 5)
8773857
0
--Node (2, 5):	 151447.5	325875.0	0
(5, 8)
26321574
2319
--Node (5, 8):	 302895.0	488812.5	2319
(6, 7)
27296447
0
--Node (6, 7):	 353377.5	434500.0	0
(4, 19)
48743657
0
--Node (4, 19):	 252412.5	1086250.0	0
(7, 6)
27296447
0
--Node (7, 6):	 403860.0	380187.5	0
(5, 18)
55567769
2
--Node (5, 18):	 302895.0	1031937.5	2
(19, 3)
38994925
0
--Node (19, 3):	 1009650.0	217250.0	0
(20, 4)
51180840
0
--Node (20, 4):	 1060132.5	271562.5	0
(8, 2)
13160786
0
--Node (8, 2):	 454342.5	162937.5	0
(9, 3)
19497462
1500
--Node (9, 3):	 504825.0	217250.0	1500
(14, 2)
21934645
1930
--Node (14, 2):	 757237.5	162937.5	1930
(3, 1)
3899491
0
--Node (3, 1):	 201930.0	108625.0	0
(16, 13)
116009905
0
--Node (16, 13):	 858202.5	760375.0	0
(6, 16)
58004952
0
--Node (6, 16):	 353377.5	923312.5	0
(19, 8)
87738584
0
--Node (19, 8):	 1009650.0	488812.5	0
(17, 8)
78964725
21
--Node (17, 8):	 908685.0	488812.5	21
(20, 3)
40944672
43
--Node (20, 3):	 1060132.5	217250.0	43
(18, 15)
148180720
0
--Node (18, 15):	 959167.5	869000.0	0
(21, 2)
32170813
0
--Node (21, 2):	 1110615.0	162937.5	0
(8, 9)
43869291
0
--Node (8, 9):	 454342.5	543125.0	0
(22, 9)
112110413
0
--Node (22, 9):	 1161097.5	543125.0	0
(9, 4)
24371828
1417
--Node (9, 4):	 504825.0	271562.5	1417
(23, 12)
152080213
66
--Node (23, 12):	 1211580.0	706062.5	66
(10, 3)
21447208
0
--Node (10, 3):	 555307.5	217250.0	0
(11, 10)
64341628
0
--Node (11, 10):	 605790.0	597437.5	0
(14, 5)
43869291
0
--Node (14, 5):	 757237.5	325875.0	0
(12, 13)
88713457
525
--Node (12, 13):	 656272.5	760375.0	525
(1, 16)
16572842
0
--Node (1, 16):	 100965.0	923312.5	0
(15, 0)
7798984
0
--Node (15, 0):	 807720.0	54312.5	0
(13, 16)
116009905
0
--Node (13, 16):	 706755.0	923312.5	0
(0, 11)
5849238
0
--Node (0, 11):	 50482.5	651750.0	0
(3, 6)
13648223
0
--Node (3, 6):	 201930.0	380187.5	0
(1, 10)
10723603
0
--Node (1, 10):	 100965.0	597437.5	0
(4, 1)
4874364
0
--Node (4, 1):	 252412.5	108625.0	0
(5, 4)
14623096
0
--Node (5, 4):	 302895.0	271562.5	0
(16, 4)
41432108
0
--Node (16, 4):	 858202.5	271562.5	0
(6, 11)
40944672
43
--Node (6, 11):	 353377.5	651750.0	43
(19, 17)
175477169
0
--Node (19, 17):	 1009650.0	977625.0	0
(17, 1)
17547716
2940
--Node (17, 1):	 908685.0	108625.0	2940
(7, 18)
74090359
0
--Node (7, 18):	 403860.0	1031937.5	0
(20, 10)
112597849
27
--Node (20, 10):	 1060132.5	597437.5	27
(18, 6)
64829064
153
--Node (18, 6):	 959167.5	380187.5	153
(21, 11)
128683257
0
--Node (21, 11):	 1110615.0	651750.0	0
(22, 0)
11211040
0
--Node (22, 0):	 1161097.5	54312.5	0
(9, 13)
68241120
0
--Node (9, 13):	 504825.0	760375.0	0
(23, 5)
70190867
0
--Node (23, 5):	 1211580.0	325875.0	0
(10, 10)
58979825
0
--Node (10, 10):	 555307.5	597437.5	0
(11, 3)
23396955
0
--Node (11, 3):	 605790.0	217250.0	0
(14, 12)
95050132
0
--Node (14, 12):	 757237.5	706062.5	0
(12, 4)
31683376
482
--Node (12, 4):	 656272.5	271562.5	482
(15, 9)
77989852
0
--Node (15, 9):	 807720.0	543125.0	0
(13, 9)
68241120
0
--Node (13, 9):	 706755.0	543125.0	0
(0, 2)
1462308
0
--Node (0, 2):	 50482.5	162937.5	0
(3, 15)
31195940
168
--Node (3, 15):	 201930.0	869000.0	168
(1, 3)
3899491
0
--Node (1, 3):	 100965.0	217250.0	0
(4, 8)
21934645
1930
--Node (4, 8):	 252412.5	488812.5	1930
(2, 8)
13160786
0
--Node (2, 8):	 151447.5	488812.5	0
(5, 13)
40944672
43
--Node (5, 13):	 302895.0	760375.0	43
(6, 2)
10236167
2757
--Node (6, 2):	 353377.5	162937.5	2757
(7, 11)
46793911
0
--Node (7, 11):	 403860.0	651750.0	0
(20, 17)
184251027
0
--Node (20, 17):	 1060132.5	977625.0	0
(18, 1)
18522589
0
--Node (18, 1):	 959167.5	108625.0	0
(16, 17)
149155593
0
--Node (16, 17):	 858202.5	977625.0	0
(23, 2)
35095433
0
--Node (23, 2):	 1211580.0	162937.5	0
(12, 3)
25346701
0
--Node (12, 3):	 656272.5	217250.0	0
(13, 2)
20472335
0
--Node (13, 2):	 706755.0	162937.5	0
(1, 4)
4874364
0
--Node (1, 4):	 100965.0	271562.5	0
(2, 3)
5849238
0
--Node (2, 3):	 151447.5	217250.0	0
(6, 5)
20472335
0
--Node (6, 5):	 353377.5	325875.0	0
(7, 0)
3899491
0
--Node (7, 0):	 403860.0	54312.5	0
(5, 16)
49718530
0
--Node (5, 16):	 302895.0	923312.5	0
(16, 8)
74577796
677
--Node (16, 8):	 858202.5	488812.5	677
(19, 5)
58492389
0
--Node (19, 5):	 1009650.0	325875.0	0
(22, 18)
213009785
0
--Node (22, 18):	 1161097.5	1031937.5	0
(20, 6)
71653176
0
--Node (20, 6):	 1060132.5	380187.5	0
(18, 18)
175964605
0
--Node (18, 18):	 959167.5	1031937.5	0
(21, 7)
85788837
0
--Node (21, 7):	 1110615.0	434500.0	0
(8, 4)
21934645
1930
--Node (8, 4):	 454342.5	271562.5	1930
(9, 1)
9748730
0
--Node (9, 1):	 504825.0	108625.0	0
(10, 6)
37532615
0
--Node (10, 6):	 555307.5	380187.5	0
(0, 16)
8286420
0
--Node (0, 16):	 50482.5	923312.5	0
(14, 0)
7311547
0
--Node (14, 0):	 757237.5	54312.5	0
(12, 16)
107723483
0
--Node (12, 16):	 656272.5	923312.5	0
(15, 5)
46793911
0
--Node (15, 5):	 807720.0	325875.0	0
(3, 3)
7798984
0
--Node (3, 3):	 201930.0	217250.0	0
(4, 4)
12185913
0
--Node (4, 4):	 252412.5	271562.5	0
(16, 15)
132582749
0
--Node (16, 15):	 858202.5	869000.0	0
(19, 10)
107236047
0
--Node (19, 10):	 1009650.0	597437.5	0
(17, 14)
131607876
0
--Node (17, 14):	 908685.0	814687.5	0
(20, 13)
143306354
0
--Node (20, 13):	 1060132.5	760375.0	0
(18, 13)
129658130
174
--Node (18, 13):	 959167.5	760375.0	174
(23, 16)
198874125
0
--Node (23, 16):	 1211580.0	923312.5	0
(21, 0)
10723603
0
--Node (21, 0):	 1110615.0	54312.5	0
(8, 11)
52643150
684
--Node (8, 11):	 454342.5	651750.0	684
(22, 15)
179376661
22
--Node (22, 15):	 1161097.5	869000.0	22
(9, 10)
53618023
0
--Node (9, 10):	 504825.0	597437.5	0
(23, 14)
175477169
0
--Node (23, 14):	 1211580.0	814687.5	0
(10, 1)
10723603
0
--Node (10, 1):	 555307.5	108625.0	0
(8, 17)
78964725
21
--Node (8, 17):	 454342.5	977625.0	21
(11, 12)
76040106
0
--Node (11, 12):	 605790.0	706062.5	0
(14, 11)
87738584
0
--Node (14, 11):	 757237.5	651750.0	0
(12, 15)
101386808
4
--Node (12, 15):	 656272.5	869000.0	4
(15, 2)
23396955
0
--Node (15, 2):	 807720.0	162937.5	0
(13, 14)
102361681
0
--Node (13, 14):	 706755.0	814687.5	0
(0, 13)
6824111
0
--Node (0, 13):	 50482.5	760375.0	0
(3, 8)
17547716
2940
--Node (3, 8):	 201930.0	488812.5	2940
(1, 8)
8773857
0
--Node (1, 8):	 100965.0	488812.5	0
(4, 3)
9748730
0
--Node (4, 3):	 252412.5	217250.0	0
(2, 15)
23396955
0
--Node (2, 15):	 151447.5	869000.0	0
(5, 2)
8773857
0
--Node (5, 2):	 302895.0	162937.5	0
(16, 6)
58004952
0
--Node (16, 6):	 858202.5	380187.5	0
(6, 9)
34120559
24
--Node (6, 9):	 353377.5	543125.0	24
(19, 19)
194974632
0
--Node (19, 19):	 1009650.0	1086250.0	0
(17, 7)
70190867
0
--Node (17, 7):	 908685.0	434500.0	0
(7, 12)
50693403
9
--Node (7, 12):	 403860.0	706062.5	9
(18, 4)
46306474
0
--Node (18, 4):	 959167.5	271562.5	0
(21, 9)
107236047
0
--Node (21, 9):	 1110615.0	543125.0	0
(22, 6)
78477288
0
--Node (22, 6):	 1161097.5	380187.5	0
(23, 7)
93587823
323
--Node (23, 7):	 1211580.0	434500.0	323
(10, 8)
48256220
18
--Node (10, 8):	 555307.5	488812.5	18
(11, 5)
35095433
0
--Node (11, 5):	 605790.0	325875.0	0
(14, 18)
138919425
0
--Node (14, 18):	 757237.5	1031937.5	0
(12, 6)
44356728
0
--Node (12, 6):	 656272.5	380187.5	0
(10, 18)
101874244
0
--Node (10, 18):	 555307.5	1031937.5	0
(15, 11)
93587823
323
--Node (15, 11):	 807720.0	651750.0	323
(13, 7)
54592896
2055
--Node (13, 7):	 706755.0	434500.0	2055
(0, 4)
2437181
0
--Node (0, 4):	 50482.5	271562.5	0
(1, 1)
1949745
0
--Node (1, 1):	 100965.0	108625.0	0
(4, 10)
26809011
624
--Node (4, 10):	 252412.5	597437.5	624
(2, 6)
10236167
2757
--Node (2, 6):	 151447.5	380187.5	2757
(5, 11)
35095433
0
--Node (5, 11):	 302895.0	651750.0	0
(6, 0)
3412055
0
--Node (6, 0):	 353377.5	54312.5	0
(4, 16)
41432108
0
--Node (4, 16):	 252412.5	923312.5	0
(7, 5)
23396955
0
--Node (7, 5):	 403860.0	325875.0	0
(20, 19)
204723364
0
--Node (20, 19):	 1060132.5	1086250.0	0
(16, 19)
165728437
0
--Node (16, 19):	 858202.5	1086250.0	0
(21, 18)
203748490
0
--Node (21, 18):	 1110615.0	1031937.5	0
(17, 18)
166703310
0
--Node (17, 18):	 908685.0	1031937.5	0
(15, 16)
132582749
0
--Node (15, 16):	 807720.0	923312.5	0
(13, 0)
6824111
0
--Node (13, 0):	 706755.0	54312.5	0
(11, 16)
99437062
0
--Node (11, 16):	 605790.0	923312.5	0
(2, 1)
2924618
0
--Node (2, 1):	 151447.5	108625.0	0
(7, 2)
11698477
0
--Node (7, 2):	 403860.0	162937.5	0
(16, 10)
91150640
218
--Node (16, 10):	 858202.5	597437.5	218
(19, 7)
77989852
0
--Node (19, 7):	 1009650.0	434500.0	0
(17, 11)
105286301
0
--Node (17, 11):	 908685.0	651750.0	0
(22, 16)
190587703
0
--Node (22, 16):	 1161097.5	923312.5	0
(20, 0)
10236167
2757
--Node (20, 0):	 1060132.5	54312.5	2757
(18, 16)
157442015
0
--Node (18, 16):	 959167.5	923312.5	0
(21, 5)
64341628
0
--Node (21, 5):	 1110615.0	325875.0	0
(8, 6)
30708503
0
--Node (8, 6):	 454342.5	380187.5	0
(22, 10)
123321454
0
--Node (22, 10):	 1161097.5	597437.5	0
(9, 7)
38994925
0
--Node (9, 7):	 504825.0	434500.0	0
(10, 4)
26809011
624
--Node (10, 4):	 555307.5	271562.5	624
(11, 9)
58492389
0
--Node (11, 9):	 605790.0	543125.0	0
(0, 18)
9261294
0
--Node (0, 18):	 50482.5	1031937.5	0
(14, 6)
51180840
0
--Node (14, 6):	 757237.5	380187.5	0
(12, 18)
120396835
461
--Node (12, 18):	 656272.5	1031937.5	461
(1, 19)
19497462
1500
--Node (1, 19):	 100965.0	1086250.0	1500
(15, 7)
62391881
734
--Node (15, 7):	 807720.0	434500.0	734
(13, 19)
136482242
0
--Node (13, 19):	 706755.0	1086250.0	0
(0, 8)
4386928
0
--Node (0, 8):	 50482.5	488812.5	0
(3, 5)
11698477
0
--Node (3, 5):	 201930.0	325875.0	0
(4, 6)
17060279
0
--Node (4, 6):	 252412.5	380187.5	0
(5, 7)
23396955
0
--Node (5, 7):	 302895.0	434500.0	0
(16, 1)
16572842
0
--Node (16, 1):	 858202.5	108625.0	0
(19, 12)
126733510
0
--Node (19, 12):	 1009650.0	706062.5	0
(17, 12)
114060159
0
--Node (17, 12):	 908685.0	706062.5	0
(7, 17)
70190867
0
--Node (7, 17):	 403860.0	977625.0	0
(20, 15)
163778691
0
--Node (20, 15):	 1060132.5	869000.0	0
(18, 11)
111135540
0
--Node (18, 11):	 959167.5	651750.0	0
(23, 18)
222271081
0
--Node (23, 18):	 1211580.0	1031937.5	0
(21, 14)
160854071
0
--Node (21, 14):	 1110615.0	814687.5	0
(8, 13)
61417008
0
--Node (8, 13):	 454342.5	760375.0	0
(22, 13)
156954578
567
--Node (22, 13):	 1161097.5	760375.0	567
(9, 8)
43869291
0
--Node (9, 8):	 504825.0	488812.5	0
(23, 8)
105286301
0
--Node (23, 8):	 1211580.0	488812.5	0
(10, 15)
85788837
0
--Node (10, 15):	 555307.5	869000.0	0
(8, 19)
87738584
0
--Node (8, 19):	 454342.5	1086250.0	0
(11, 14)
87738584
0
--Node (11, 14):	 605790.0	814687.5	0
(9, 18)
92612949
0
--Node (9, 18):	 504825.0	1031937.5	0
(14, 9)
73115486
0
--Node (14, 9):	 757237.5	543125.0	0
(12, 9)
63366754
0
--Node (12, 9):	 656272.5	543125.0	0
(15, 12)
101386808
4
--Node (15, 12):	 807720.0	706062.5	4
(13, 12)
88713457
525
--Node (13, 12):	 706755.0	706062.5	525
(2, 19)
29246194
890
--Node (2, 19):	 151447.5	1086250.0	890
(0, 15)
7798984
0
--Node (0, 15):	 50482.5	869000.0	0
(3, 10)
21447208
0
--Node (3, 10):	 201930.0	597437.5	0
(1, 14)
14623096
0
--Node (1, 14):	 100965.0	814687.5	0
(4, 13)
34120559
24
--Node (4, 13):	 252412.5	760375.0	24
(2, 13)
20472335
0
--Node (2, 13):	 151447.5	760375.0	0
(5, 0)
2924618
0
--Node (5, 0):	 302895.0	54312.5	0
(3, 16)
33145686
0
--Node (3, 16):	 201930.0	923312.5	0
(6, 15)
54592896
2055
--Node (6, 15):	 353377.5	869000.0	2055
(17, 5)
52643150
684
--Node (17, 5):	 908685.0	325875.0	684
(7, 14)
58492389
0
--Node (7, 14):	 403860.0	814687.5	0
(18, 2)
27783884
0
--Node (18, 2):	 959167.5	162937.5	0
(22, 4)
56055206
0
--Node (22, 4):	 1161097.5	271562.5	0
(23, 1)
23396955
0
--Node (23, 1):	 1211580.0	108625.0	0
(11, 7)
46793911
0
--Node (11, 7):	 605790.0	434500.0	0
(14, 16)
124296327
0
--Node (14, 16):	 757237.5	923312.5	0
(12, 0)
6336674
0
--Node (12, 0):	 656272.5	54312.5	0
(10, 16)
91150640
218
--Node (10, 16):	 555307.5	923312.5	218
(13, 5)
40944672
43
--Node (13, 5):	 706755.0	325875.0	43
(0, 6)
3412055
0
--Node (0, 6):	 50482.5	380187.5	0
(1, 7)
7798984
0
--Node (1, 7):	 100965.0	434500.0	0
(2, 4)
7311547
0
--Node (2, 4):	 151447.5	271562.5	0
(5, 9)
29246194
890
--Node (5, 9):	 302895.0	543125.0	890
(6, 6)
23884391
0
--Node (6, 6):	 353377.5	380187.5	0
(4, 18)
46306474
0
--Node (4, 18):	 252412.5	1031937.5	0
(7, 7)
31195940
168
--Node (7, 7):	 403860.0	434500.0	168
(5, 19)
58492389
0
--Node (5, 19):	 302895.0	1086250.0	0
(21, 16)
182301281
0
--Node (21, 16):	 1110615.0	923312.5	0
(19, 0)
9748730
0
--Node (19, 0):	 1009650.0	54312.5	0
(17, 16)
149155593
0
--Node (17, 16):	 908685.0	923312.5	0
(8, 1)
8773857
0
--Node (8, 1):	 454342.5	108625.0	0
(15, 18)
148180720
0
--Node (15, 18):	 807720.0	1031937.5	0
(11, 18)
111135540
0
--Node (11, 18):	 605790.0	1031937.5	0
(16, 12)
107723483
0
--Node (16, 12):	 858202.5	706062.5	0
(6, 19)
68241120
0
--Node (6, 19):	 353377.5	1086250.0	0
(19, 9)
97487315
0
--Node (19, 9):	 1009650.0	543125.0	0
(17, 9)
87738584
0
--Node (17, 9):	 908685.0	543125.0	0
(20, 2)
30708503
0
--Node (20, 2):	 1060132.5	162937.5	0
(18, 14)
138919425
0
--Node (18, 14):	 959167.5	814687.5	0
(21, 3)
42894418
326
--Node (21, 3):	 1110615.0	217250.0	326
(8, 8)
39482362
0
--Node (8, 8):	 454342.5	488812.5	0
(22, 8)
100899371
787
--Node (22, 8):	 1161097.5	488812.5	787
(9, 5)
29246194
890
--Node (9, 5):	 504825.0	325875.0	890
(23, 13)
163778691
0
--Node (23, 13):	 1211580.0	760375.0	0
(10, 2)
16085406
0
--Node (10, 2):	 555307.5	162937.5	0
(11, 11)
70190867
0
--Node (11, 11):	 605790.0	651750.0	0
(14, 4)
36557742
2
--Node (14, 4):	 757237.5	271562.5	2
(12, 12)
82376781
0
--Node (12, 12):	 656272.5	706062.5	0
(1, 17)
17547716
2940
--Node (1, 17):	 100965.0	977625.0	2940
(15, 1)
15597969
0
--Node (15, 1):	 807720.0	108625.0	0
(13, 17)
122834018
376
--Node (13, 17):	 706755.0	977625.0	376
(0, 10)
5361801
0
--Node (0, 10):	 50482.5	597437.5	0
(3, 7)
15597969
0
--Node (3, 7):	 201930.0	434500.0	0
(1, 11)
11698477
0
--Node (1, 11):	 100965.0	651750.0	0
(4, 0)
2437181
0
--Node (4, 0):	 252412.5	54312.5	0
(5, 5)
17547716
2940
--Node (5, 5):	 302895.0	325875.0	2940
(16, 3)
33145686
0
--Node (16, 3):	 858202.5	217250.0	0
(6, 10)
37532615
0
--Node (6, 10):	 353377.5	597437.5	0
(19, 14)
146230974
0
--Node (19, 14):	 1009650.0	814687.5	0
(17, 2)
26321574
2319
--Node (17, 2):	 908685.0	162937.5	2319
(7, 19)
77989852
0
--Node (7, 19):	 403860.0	1086250.0	0
(20, 9)
102361681
0
--Node (20, 9):	 1060132.5	543125.0	0
(18, 9)
92612949
0
--Node (18, 9):	 959167.5	543125.0	0
(21, 12)
139406861
900
--Node (21, 12):	 1110615.0	706062.5	900
(8, 15)
70190867
0
--Node (8, 15):	 454342.5	869000.0	0
(22, 3)
44844164
0
--Node (22, 3):	 1161097.5	217250.0	0
(9, 14)
73115486
0
--Node (9, 14):	 504825.0	814687.5	0
(23, 10)
128683257
0
--Node (23, 10):	 1211580.0	597437.5	0
(10, 13)
75065232
0
--Node (10, 13):	 555307.5	760375.0	0
(11, 0)
5849238
0
--Node (11, 0):	 605790.0	54312.5	0
(9, 16)
82864218
0
--Node (9, 16):	 504825.0	923312.5	0
(14, 15)
116984779
0
--Node (14, 15):	 757237.5	869000.0	0
(12, 11)
76040106
0
--Node (12, 11):	 656272.5	651750.0	0
(15, 14)
116984779
0
--Node (15, 14):	 807720.0	814687.5	0
(13, 10)
75065232
0
--Node (13, 10):	 706755.0	597437.5	0
(2, 17)
26321574
2319
--Node (2, 17):	 151447.5	977625.0	2319
(0, 1)
974872
0
--Node (0, 1):	 50482.5	108625.0	0
(3, 12)
25346701
0
--Node (3, 12):	 201930.0	706062.5	0
(1, 12)
12673350
1803
--Node (1, 12):	 100965.0	706062.5	1803
(4, 15)
38994925
0
--Node (4, 15):	 252412.5	869000.0	0
(2, 11)
17547716
2940
--Node (2, 11):	 151447.5	651750.0	2940
(5, 14)
43869291
0
--Node (5, 14):	 302895.0	814687.5	0
(3, 18)
37045179
0
--Node (3, 18):	 201930.0	1031937.5	0
(6, 13)
47768784
113
--Node (6, 13):	 353377.5	760375.0	113
(7, 8)
35095433
0
--Node (7, 8):	 403860.0	488812.5	0
(20, 16)
174014859
0
--Node (20, 16):	 1060132.5	923312.5	0
(18, 0)
9261294
0
--Node (18, 0):	 959167.5	54312.5	0
(16, 16)
140869171
0
--Node (16, 16):	 858202.5	923312.5	0
(23, 3)
46793911
0
--Node (23, 3):	 1211580.0	217250.0	0
(12, 2)
19010025
0
--Node (12, 2):	 656272.5	162937.5	0
(13, 3)
27296447
0
--Node (13, 3):	 706755.0	217250.0	0
(1, 5)
5849238
0
--Node (1, 5):	 100965.0	325875.0	0
(2, 2)
4386928
0
--Node (2, 2):	 151447.5	162937.5	0
(6, 4)
17060279
0
--Node (6, 4):	 353377.5	271562.5	0
(7, 1)
7798984
0
--Node (7, 1):	 403860.0	108625.0	0
(5, 17)
52643150
684
--Node (5, 17):	 302895.0	977625.0	684
(19, 2)
29246194
890
--Node (19, 2):	 1009650.0	162937.5	890
(20, 5)
61417008
0
--Node (20, 5):	 1060132.5	325875.0	0
(8, 3)
17547716
2940
--Node (8, 3):	 454342.5	217250.0	2940
(9, 2)
14623096
0
--Node (9, 2):	 504825.0	162937.5	0
(14, 3)
29246194
890
--Node (14, 3):	 757237.5	217250.0	890
(3, 0)
1949745
0
--Node (3, 0):	 201930.0	54312.5	0
(16, 14)
124296327
0
--Node (16, 14):	 858202.5	814687.5	0
(6, 17)
61417008
0
--Node (6, 17):	 353377.5	977625.0	0
(19, 11)
116984779
0
--Node (19, 11):	 1009650.0	651750.0	0
(17, 15)
140381735
993
--Node (17, 15):	 908685.0	869000.0	993
(20, 12)
133070186
336
--Node (20, 12):	 1060132.5	706062.5	336
(18, 12)
120396835
461
--Node (18, 12):	 959167.5	706062.5	461
(23, 17)
210572603
0
--Node (23, 17):	 1211580.0	977625.0	0
(21, 1)
21447208
0
--Node (21, 1):	 1110615.0	108625.0	0
(8, 10)
48256220
18
--Node (8, 10):	 454342.5	597437.5	18
(22, 14)
168165620
0
--Node (22, 14):	 1161097.5	814687.5	0
(9, 11)
58492389
0
--Node (9, 11):	 504825.0	651750.0	0
(23, 15)
187175647
0
--Node (23, 15):	 1211580.0	869000.0	0
(10, 0)
5361801
0
--Node (10, 0):	 555307.5	54312.5	0
(8, 16)
74577796
677
--Node (8, 16):	 454342.5	923312.5	677
(11, 13)
81889345
434
--Node (11, 13):	 605790.0	760375.0	434
(14, 10)
80427035
0
--Node (14, 10):	 757237.5	597437.5	0
(12, 14)
95050132
0
--Node (12, 14):	 656272.5	814687.5	0
(15, 3)
31195940
168
--Node (15, 3):	 807720.0	217250.0	168
(13, 15)
109185793
0
--Node (13, 15):	 706755.0	869000.0	0
(0, 12)
6336674
0
--Node (0, 12):	 50482.5	706062.5	0
(3, 9)
19497462
1500
--Node (3, 9):	 201930.0	543125.0	1500
(1, 9)
9748730
0
--Node (1, 9):	 100965.0	543125.0	0
(4, 2)
7311547
0
--Node (4, 2):	 252412.5	162937.5	0
(2, 14)
21934645
1930
--Node (2, 14):	 151447.5	814687.5	1930
(5, 3)
11698477
0
--Node (5, 3):	 302895.0	217250.0	0
(16, 5)
49718530
0
--Node (16, 5):	 858202.5	325875.0	0
(6, 8)
30708503
0
--Node (6, 8):	 353377.5	488812.5	0
(19, 16)
165728437
0
--Node (19, 16):	 1009650.0	923312.5	0
(17, 0)
8773857
0
--Node (17, 0):	 908685.0	54312.5	0
(7, 13)
54592896
2055
--Node (7, 13):	 403860.0	760375.0	2055
(20, 11)
122834018
376
--Node (20, 11):	 1060132.5	651750.0	376
(18, 7)
74090359
0
--Node (18, 7):	 959167.5	434500.0	0
(21, 10)
117959652
269
--Node (21, 10):	 1110615.0	597437.5	269
(22, 1)
22422081
72
--Node (22, 1):	 1161097.5	108625.0	72
(9, 12)
63366754
0
--Node (9, 12):	 504825.0	706062.5	0
(23, 4)
58492389
0
--Node (23, 4):	 1211580.0	271562.5	0
(10, 11)
64341628
0
--Node (10, 11):	 555307.5	651750.0	0
(11, 2)
17547716
2940
--Node (11, 2):	 605790.0	162937.5	2940
(14, 13)
102361681
0
--Node (14, 13):	 757237.5	760375.0	0
(12, 5)
38020052
0
--Node (12, 5):	 656272.5	325875.0	0
(15, 8)
70190867
0
--Node (15, 8):	 807720.0	488812.5	0
(13, 8)
61417008
0
--Node (13, 8):	 706755.0	488812.5	0
(0, 3)
1949745
0
--Node (0, 3):	 50482.5	217250.0	0
(3, 14)
29246194
890
--Node (3, 14):	 201930.0	814687.5	890
(1, 2)
2924618
0
--Node (1, 2):	 100965.0	162937.5	0
(4, 9)
24371828
1417
--Node (4, 9):	 252412.5	543125.0	1417
(2, 9)
14623096
0
--Node (2, 9):	 151447.5	543125.0	0
(5, 12)
38020052
0
--Node (5, 12):	 302895.0	706062.5	0
(6, 3)
13648223
0
--Node (6, 3):	 353377.5	217250.0	0
(7, 10)
42894418
326
--Node (7, 10):	 403860.0	597437.5	326
(20, 18)
194487195
0
--Node (20, 18):	 1060132.5	1031937.5	0
(16, 18)
157442015
0
--Node (16, 18):	 858202.5	1031937.5	0
(21, 19)
214472095
0
--Node (21, 19):	 1110615.0	1086250.0	0
(17, 19)
175477169
0
--Node (17, 19):	 908685.0	1086250.0	0
(15, 17)
140381735
993
--Node (15, 17):	 807720.0	977625.0	993
(13, 1)
13648223
0
--Node (13, 1):	 706755.0	108625.0	0
(11, 17)
105286301
0
--Node (11, 17):	 605790.0	977625.0	0
(2, 0)
1462308
0
--Node (2, 0):	 151447.5	54312.5	0
-- Map for coarsnes: 5
(7, 3)
9982700
0
--Node (7, 3):	 323088.0	173800.0	0
(16, 9)
53033099
698
--Node (16, 9):	 686562.0	434500.0	698
(19, 4)
31195940
168
--Node (19, 4):	 807720.0	217250.0	168
(17, 20)
117920657
57
--Node (17, 20):	 726948.0	912450.0	57
(22, 19)
143501329
0
--Node (22, 19):	 928878.0	869000.0	0
(20, 7)
52409180
0
--Node (20, 7):	 848106.0	347600.0	0
(18, 19)
118544576
0
--Node (18, 19):	 767334.0	869000.0	0
(21, 6)
48041748
1
--Node (21, 6):	 888492.0	304150.0	1
(8, 5)
16845807
0
--Node (8, 5):	 363474.0	260700.0	0
(9, 0)
3119593
0
--Node (9, 0):	 403860.0	43450.0	0
(10, 7)
27452427
2908
--Node (10, 7):	 444246.0	347600.0	2908
(11, 22)
86100797
175
--Node (11, 22):	 484632.0	999350.0	175
(0, 17)
5615268
0
--Node (0, 17):	 40386.0	782100.0	0
(24, 14)
116984779
0
--Node (24, 14):	 1009650.0	651750.0	0
(14, 1)
9358781
0
--Node (14, 1):	 605790.0	86900.0	0
(12, 17)
72998501
0
--Node (12, 17):	 525018.0	782100.0	0
(25, 15)
129775114
0
--Node (25, 15):	 1050036.0	695200.0	0
(15, 4)
24956752
0
--Node (15, 4):	 646176.0	217250.0	0
(13, 20)
91716066
65
--Node (13, 20):	 565404.0	912450.0	65
(26, 12)
109497753
0
--Node (26, 12):	 1090422.0	564850.0	0
(29, 17)
168458082
0
--Node (29, 17):	 1211580.0	782100.0	0
(3, 2)
3743511
0
--Node (3, 2):	 161544.0	130350.0	0
(27, 1)
17469726
0
--Node (27, 1):	 1130808.0	86900.0	0
(4, 5)
9358781
0
--Node (4, 5):	 201930.0	260700.0	0
(28, 10)
99515051
0
--Node (28, 10):	 1171194.0	477950.0	0
(5, 24)
46793911
0
--Node (5, 24):	 242316.0	1086250.0	0
(29, 11)
112305387
9
--Node (29, 11):	 1211580.0	521400.0	9
(16, 0)
5303309
0
--Node (16, 0):	 686562.0	43450.0	0
(6, 23)
52409180
0
--Node (6, 23):	 282702.0	1042800.0	0
(19, 13)
87348634
0
--Node (19, 13):	 807720.0	608300.0	0
(17, 13)
78613771
0
--Node (17, 13):	 726948.0	608300.0	0
(7, 22)
57400531
0
--Node (7, 22):	 323088.0	999350.0	0
(20, 14)
98267214
0
--Node (20, 14):	 848106.0	651750.0	0
(18, 10)
65199516
0
--Node (18, 10):	 767334.0	477950.0	0
(23, 19)
149740517
0
--Node (23, 19):	 969264.0	869000.0	0
(21, 15)
109809712
0
--Node (21, 15):	 888492.0	695200.0	0
(8, 12)
36499250
664
--Node (8, 12):	 363474.0	564850.0	664
(22, 12)
93275863
0
--Node (22, 12):	 928878.0	564850.0	0
(9, 9)
31195940
168
--Node (9, 9):	 403860.0	434500.0	168
(23, 9)
74870258
0
--Node (23, 9):	 969264.0	434500.0	0
(10, 14)
51473302
150
--Node (10, 14):	 444246.0	651750.0	150
(8, 18)
53345058
97
--Node (8, 18):	 363474.0	825550.0	97
(11, 15)
59896206
0
--Node (11, 15):	 484632.0	695200.0	0
(9, 19)
62391881
734
--Node (9, 19):	 403860.0	869000.0	734
(24, 21)
171577676
0
--Node (24, 21):	 1009650.0	955900.0	0
(14, 8)
42114519
93
--Node (14, 8):	 605790.0	391050.0	93
(12, 8)
36499250
664
--Node (12, 8):	 525018.0	391050.0	664
(1, 21)
13726213
0
--Node (1, 21):	 80772.0	955900.0	0
(25, 16)
137886059
0
--Node (25, 16):	 1050036.0	738650.0	0
(15, 13)
69878907
1201
--Node (15, 13):	 646176.0	608300.0	1201
(13, 13)
61144044
0
--Node (13, 13):	 565404.0	608300.0	0
(2, 18)
17781685
0
--Node (2, 18):	 121158.0	825550.0	0
(26, 23)
202149698
0
--Node (26, 23):	 1090422.0	1042800.0	0
(0, 14)
4679390
0
--Node (0, 14):	 40386.0	651750.0	0
(3, 11)
14974050
0
--Node (3, 11):	 161544.0	521400.0	0
(27, 6)
61144044
0
--Node (27, 6):	 1130808.0	304150.0	0
(1, 15)
9982700
0
--Node (1, 15):	 80772.0	695200.0	0
(4, 12)
20277360
0
--Node (4, 12):	 201930.0	564850.0	0
(28, 1)
18093644
0
--Node (28, 1):	 1171194.0	86900.0	0
(2, 12)
12166416
0
--Node (2, 12):	 121158.0	564850.0	0
(5, 1)
3743511
0
--Node (5, 1):	 242316.0	86900.0	0
(29, 4)
46793911
0
--Node (29, 4):	 1211580.0	217250.0	0
(3, 17)
22461076
857
--Node (3, 17):	 161544.0	782100.0	857
(16, 7)
42426479
17
--Node (16, 7):	 686562.0	347600.0	17
(6, 14)
32755737
0
--Node (6, 14):	 282702.0	651750.0	0
(19, 18)
118544576
0
--Node (19, 18):	 807720.0	825550.0	0
(17, 6)
39306885
0
--Node (17, 6):	 726948.0	304150.0	0
(7, 15)
39930803
0
--Node (7, 15):	 323088.0	695200.0	0
(20, 21)
144125247
0
--Node (20, 21):	 848106.0	955900.0	0
(18, 5)
35563372
0
--Node (18, 5):	 767334.0	260700.0	0
(21, 8)
61767962
0
--Node (21, 8):	 888492.0	391050.0	0
(17, 24)
140381735
993
--Node (17, 24):	 726948.0	1086250.0	993
(22, 7)
57400531
0
--Node (22, 7):	 928878.0	347600.0	0
(23, 6)
52409180
0
--Node (23, 6):	 969264.0	304150.0	0
(10, 9)
34315534
0
--Node (10, 9):	 444246.0	434500.0	0
(11, 4)
18717563
1524
--Node (11, 4):	 484632.0	217250.0	1524
(9, 20)
65511475
0
--Node (9, 20):	 403860.0	912450.0	0
(14, 19)
93587823
323
--Node (14, 19):	 605790.0	869000.0	323
(12, 7)
32443777
0
--Node (12, 7):	 525018.0	347600.0	0
(10, 19)
68631069
0
--Node (10, 19):	 444246.0	869000.0	0
(15, 10)
54904855
730
--Node (15, 10):	 646176.0	477950.0	730
(13, 6)
30572021
0
--Node (13, 6):	 565404.0	304150.0	0
(0, 5)
1871755
0
--Node (0, 5):	 40386.0	260700.0	0
(24, 2)
23396955
0
--Node (24, 2):	 1009650.0	130350.0	0
(1, 0)
623917
0
--Node (1, 0):	 80772.0	43450.0	0
(25, 3)
32443777
0
--Node (25, 3):	 1050036.0	173800.0	0
(4, 11)
18717563
1524
--Node (4, 11):	 201930.0	521400.0	1524
(28, 24)
226170573
0
--Node (28, 24):	 1171194.0	1086250.0	0
(2, 7)
7487024
0
--Node (2, 7):	 121158.0	347600.0	0
(5, 10)
20589320
1852
--Node (5, 10):	 242316.0	477950.0	1852
(3, 22)
28700265
0
--Node (3, 22):	 161544.0	999350.0	0
(6, 1)
4367430
1512
--Node (6, 1):	 282702.0	86900.0	1512
(4, 17)
28076346
26
--Node (4, 17):	 201930.0	782100.0	26
(7, 4)
12478375
0
--Node (7, 4):	 323088.0	217250.0	0
(5, 20)
39306885
0
--Node (5, 20):	 242316.0	912450.0	0
(16, 20)
111369509
0
--Node (16, 20):	 686562.0	912450.0	0
(21, 17)
123535926
0
--Node (21, 17):	 888492.0	782100.0	0
(19, 1)
12478375
0
--Node (19, 1):	 807720.0	86900.0	0
(17, 17)
101074848
1292
--Node (17, 17):	 726948.0	782100.0	1292
(18, 22)
136326262
0
--Node (18, 22):	 767334.0	999350.0	0
(8, 0)
2807633
0
--Node (8, 0):	 363474.0	43450.0	0
(15, 19)
99827011
0
--Node (15, 19):	 646176.0	869000.0	0
(11, 19)
74870258
0
--Node (11, 19):	 484632.0	869000.0	0
(24, 9)
77989852
0
--Node (24, 9):	 1009650.0	434500.0	0
(12, 20)
85164918
0
--Node (12, 20):	 525018.0	912450.0	0
(27, 20)
183432134
0
--Node (27, 20):	 1130808.0	912450.0	0
(25, 4)
40554722
30
--Node (25, 4):	 1050036.0	217250.0	30
(28, 23)
217123750
0
--Node (28, 23):	 1171194.0	1042800.0	0
(26, 3)
33691615
0
--Node (26, 3):	 1090422.0	173800.0	0
(29, 22)
215251994
0
--Node (29, 22):	 1211580.0	999350.0	0
(27, 10)
96083498
0
--Node (27, 10):	 1130808.0	477950.0	0
(4, 24)
38994925
0
--Node (4, 24):	 201930.0	1086250.0	0
(28, 13)
126655520
199
--Node (28, 13):	 1171194.0	608300.0	199
(16, 11)
63639719
0
--Node (16, 11):	 686562.0	521400.0	0
(6, 18)
41490600
0
--Node (6, 18):	 282702.0	825550.0	0
(19, 6)
43674316
1671
--Node (19, 6):	 807720.0	304150.0	1671
(17, 10)
61767962
0
--Node (17, 10):	 726948.0	477950.0	0
(22, 17)
129151196
0
--Node (22, 17):	 928878.0	782100.0	0
(20, 1)
13102294
0
--Node (20, 1):	 848106.0	86900.0	0
(18, 17)
106690118
61
--Node (18, 17):	 767334.0	782100.0	61
(23, 20)
157227543
0
--Node (23, 20):	 969264.0	912450.0	0
(21, 4)
34315534
0
--Node (21, 4):	 888492.0	217250.0	0
(8, 7)
22461076
857
--Node (8, 7):	 363474.0	347600.0	857
(22, 11)
86100797
175
--Node (22, 11):	 928878.0	521400.0	175
(9, 6)
21837157
0
--Node (9, 6):	 403860.0	304150.0	0
(10, 5)
20589320
1852
--Node (10, 5):	 444246.0	260700.0	1852
(15, 24)
124783764
225
--Node (15, 24):	 646176.0	1086250.0	225
(11, 8)
33691615
0
--Node (11, 8):	 484632.0	391050.0	0
(0, 19)
6239187
1531
--Node (0, 19):	 40386.0	869000.0	1531
(24, 16)
132582749
0
--Node (24, 16):	 1009650.0	738650.0	0
(14, 7)
37435128
0
--Node (14, 7):	 605790.0	347600.0	0
(12, 19)
81109446
0
--Node (12, 19):	 525018.0	869000.0	0
(1, 18)
11854456
863
--Node (1, 18):	 80772.0	825550.0	863
(25, 13)
113553225
0
--Node (25, 13):	 1050036.0	608300.0	0
(15, 6)
34939453
102
--Node (15, 6):	 646176.0	304150.0	102
(13, 18)
82981202
0
--Node (13, 18):	 565404.0	825550.0	0
(26, 10)
92651944
0
--Node (26, 10):	 1090422.0	477950.0	0
(0, 9)
3119593
0
--Node (0, 9):	 40386.0	434500.0	0
(3, 4)
6239187
1531
--Node (3, 4):	 161544.0	217250.0	1531
(27, 3)
34939453
102
--Node (27, 3):	 1130808.0	173800.0	102
(4, 7)
12478375
0
--Node (4, 7):	 201930.0	347600.0	0
(28, 4)
45234113
0
--Node (28, 4):	 1171194.0	217250.0	0
(5, 6)
13102294
0
--Node (5, 6):	 242316.0	304150.0	0
(29, 9)
93587823
323
--Node (29, 9):	 1211580.0	434500.0	323
(16, 2)
15909929
0
--Node (16, 2):	 686562.0	130350.0	0
(6, 21)
48041748
1
--Node (6, 21):	 282702.0	955900.0	1
(19, 15)
99827011
0
--Node (19, 15):	 807720.0	695200.0	0
(17, 3)
22461076
857
--Node (17, 3):	 726948.0	173800.0	857
(7, 16)
42426479
17
--Node (7, 16):	 323088.0	738650.0	17
(20, 8)
58960328
27
--Node (20, 8):	 848106.0	391050.0	27
(18, 8)
53345058
97
--Node (18, 8):	 767334.0	391050.0	97
(16, 24)
132582749
0
--Node (16, 24):	 686562.0	1086250.0	0
(21, 13)
96083498
0
--Node (21, 13):	 888492.0	608300.0	0
(8, 14)
42114519
93
--Node (8, 14):	 363474.0	651750.0	93
(22, 2)
21525198
0
--Node (22, 2):	 928878.0	130350.0	0
(9, 15)
49913505
0
--Node (9, 15):	 403860.0	695200.0	0
(23, 11)
89844310
322
--Node (23, 11):	 969264.0	521400.0	322
(10, 12)
44610195
0
--Node (10, 12):	 444246.0	564850.0	0
(8, 20)
58960328
27
--Node (8, 20):	 363474.0	912450.0	27
(11, 1)
7487024
0
--Node (11, 1):	 484632.0	86900.0	0
(9, 17)
56152693
0
--Node (9, 17):	 403860.0	782100.0	0
(24, 23)
187175647
0
--Node (24, 23):	 1009650.0	1042800.0	0
(14, 14)
70190867
0
--Node (14, 14):	 605790.0	651750.0	0
(12, 10)
44610195
0
--Node (12, 10):	 525018.0	477950.0	0
(10, 22)
78925730
267
--Node (10, 22):	 444246.0	999350.0	267
(25, 22)
186551728
640
--Node (25, 22):	 1050036.0	999350.0	640
(15, 15)
79861608
0
--Node (15, 15):	 646176.0	695200.0	0
(13, 11)
52409180
0
--Node (13, 11):	 565404.0	521400.0	0
(2, 16)
15909929
0
--Node (2, 16):	 121158.0	738650.0	0
(26, 21)
185303890
0
--Node (26, 21):	 1090422.0	955900.0	0
(0, 0)
311958
0
--Node (0, 0):	 40386.0	43450.0	0
(3, 13)
17469726
0
--Node (3, 13):	 161544.0	608300.0	0
(27, 24)
218371588
0
--Node (27, 24):	 1130808.0	1086250.0	0
(1, 13)
8734862
0
--Node (1, 13):	 80772.0	608300.0	0
(4, 14)
23396955
0
--Node (4, 14):	 201930.0	651750.0	0
(28, 3)
36187290
0
--Node (28, 3):	 1171194.0	173800.0	0
(2, 10)
10294659
0
--Node (2, 10):	 121158.0	477950.0	0
(5, 15)
29948102
1
--Node (5, 15):	 242316.0	695200.0	1
(29, 2)
28076346
26
--Node (29, 2):	 1211580.0	130350.0	26
(3, 19)
24956752
0
--Node (3, 19):	 161544.0	869000.0	0
(6, 12)
28388305
0
--Node (6, 12):	 282702.0	564850.0	0
(4, 20)
32755737
0
--Node (4, 20):	 201930.0	912450.0	0
(19, 20)
131022952
0
--Node (19, 20):	 807720.0	912450.0	0
(17, 4)
28076346
26
--Node (17, 4):	 726948.0	217250.0	26
(7, 9)
24956752
0
--Node (7, 9):	 323088.0	434500.0	0
(20, 23)
157227543
0
--Node (20, 23):	 848106.0	1042800.0	0
(18, 3)
23708914
0
--Node (18, 3):	 767334.0	173800.0	0
(21, 22)
157851462
749
--Node (21, 22):	 888492.0	999350.0	749
(22, 5)
43050398
0
--Node (22, 5):	 928878.0	260700.0	0
(23, 0)
7487024
0
--Node (23, 0):	 969264.0	43450.0	0
(11, 6)
26204589
201
--Node (11, 6):	 484632.0	304150.0	201
(14, 17)
84229040
26
--Node (14, 17):	 605790.0	782100.0	26
(12, 1)
8110943
0
--Node (12, 1):	 525018.0	86900.0	0
(10, 17)
61767962
0
--Node (10, 17):	 444246.0	782100.0	0
(15, 20)
104818361
475
--Node (15, 20):	 646176.0	912450.0	475
(13, 4)
21837157
0
--Node (13, 4):	 565404.0	217250.0	0
(0, 7)
2495674
0
--Node (0, 7):	 40386.0	347600.0	0
(24, 4)
38994925
0
--Node (24, 4):	 1009650.0	217250.0	0
(27, 17)
157227543
0
--Node (27, 17):	 1130808.0	782100.0	0
(1, 6)
4367430
1512
--Node (1, 6):	 80772.0	304150.0	1512
(25, 1)
16221888
0
--Node (25, 1):	 1050036.0	86900.0	0
(2, 5)
5615268
0
--Node (2, 5):	 121158.0	260700.0	0
(26, 6)
58960328
27
--Node (26, 6):	 1090422.0	304150.0	27
(5, 8)
16845807
0
--Node (5, 8):	 242316.0	391050.0	0
(3, 24)
31195940
168
--Node (3, 24):	 161544.0	1086250.0	168
(6, 7)
17469726
0
--Node (6, 7):	 282702.0	347600.0	0
(4, 19)
31195940
168
--Node (4, 19):	 201930.0	869000.0	168
(7, 6)
17469726
0
--Node (7, 6):	 323088.0	304150.0	0
(5, 18)
35563372
0
--Node (5, 18):	 242316.0	825550.0	0
(16, 22)
121976129
0
--Node (16, 22):	 686562.0	999350.0	0
(19, 3)
24956752
0
--Node (19, 3):	 807720.0	173800.0	0
(17, 23)
134766465
0
--Node (17, 23):	 726948.0	1042800.0	0
(20, 4)
32755737
0
--Node (20, 4):	 848106.0	217250.0	0
(18, 20)
124471804
0
--Node (18, 20):	 767334.0	912450.0	0
(8, 2)
8422903
0
--Node (8, 2):	 363474.0	130350.0	0
(9, 3)
12478375
0
--Node (9, 3):	 403860.0	173800.0	0
(14, 24)
116984779
0
--Node (14, 24):	 605790.0	1086250.0	0
(10, 24)
85788837
0
--Node (10, 24):	 444246.0	1086250.0	0
(11, 21)
82357284
0
--Node (11, 21):	 484632.0	955900.0	0
(24, 11)
93587823
323
--Node (24, 11):	 1009650.0	521400.0	323
(14, 2)
14038172
0
--Node (14, 2):	 605790.0	130350.0	0
(12, 22)
93275863
0
--Node (12, 22):	 525018.0	999350.0	0
(27, 22)
200901861
0
--Node (27, 22):	 1130808.0	999350.0	0
(25, 10)
89220391
0
--Node (25, 10):	 1050036.0	477950.0	0
(13, 23)
104818361
475
--Node (13, 23):	 565404.0	1042800.0	475
(28, 17)
162842812
0
--Node (28, 17):	 1171194.0	782100.0	0
(26, 1)
16845807
0
--Node (26, 1):	 1090422.0	86900.0	0
(29, 20)
196534429
0
--Node (29, 20):	 1211580.0	912450.0	0
(3, 1)
2495674
0
--Node (3, 1):	 161544.0	86900.0	0
(27, 12)
113553225
0
--Node (27, 12):	 1130808.0	564850.0	0
(28, 15)
144749166
0
--Node (28, 15):	 1171194.0	695200.0	0
(29, 14)
140381735
993
--Node (29, 14):	 1211580.0	651750.0	993
(16, 13)
74246339
0
--Node (16, 13):	 686562.0	608300.0	0
(6, 16)
37123169
4
--Node (6, 16):	 282702.0	738650.0	4
(21, 24)
171577676
0
--Node (21, 24):	 888492.0	1086250.0	0
(19, 8)
56152693
0
--Node (19, 8):	 807720.0	391050.0	0
(17, 8)
50537423
0
--Node (17, 8):	 726948.0	391050.0	0
(7, 21)
54904855
730
--Node (7, 21):	 323088.0	955900.0	730
(22, 23)
172201595
0
--Node (22, 23):	 928878.0	1042800.0	0
(20, 3)
26204589
201
--Node (20, 3):	 848106.0	173800.0	201
(18, 15)
94835660
0
--Node (18, 15):	 767334.0	695200.0	0
(23, 22)
172201595
0
--Node (23, 22):	 969264.0	999350.0	0
(21, 2)
20589320
1852
--Node (21, 2):	 888492.0	130350.0	1852
(8, 9)
28076346
26
--Node (8, 9):	 363474.0	434500.0	26
(22, 9)
71750664
1391
--Node (22, 9):	 928878.0	434500.0	1391
(9, 4)
15597969
0
--Node (9, 4):	 403860.0	217250.0	0
(23, 12)
97331335
1561
--Node (23, 12):	 969264.0	564850.0	1561
(10, 3)
13726213
0
--Node (10, 3):	 444246.0	173800.0	0
(11, 10)
41178641
0
--Node (11, 10):	 484632.0	477950.0	0
(0, 21)
6863106
0
--Node (0, 21):	 40386.0	955900.0	0
(24, 18)
148180720
0
--Node (24, 18):	 1009650.0	825550.0	0
(14, 5)
28076346
26
--Node (14, 5):	 605790.0	260700.0	26
(12, 13)
56776612
367
--Node (12, 13):	 525018.0	608300.0	367
(1, 16)
10606619
0
--Node (1, 16):	 80772.0	738650.0	0
(25, 19)
162218893
0
--Node (25, 19):	 1050036.0	869000.0	0
(15, 0)
4991349
0
--Node (15, 0):	 646176.0	43450.0	0
(13, 16)
74246339
0
--Node (13, 16):	 565404.0	738650.0	0
(2, 23)
22461076
857
--Node (2, 23):	 121158.0	1042800.0	857
(26, 8)
75806136
0
--Node (26, 8):	 1090422.0	391050.0	0
(0, 11)
3743511
0
--Node (0, 11):	 40386.0	521400.0	0
(3, 6)
8734862
0
--Node (3, 6):	 161544.0	304150.0	0
(27, 5)
52409180
0
--Node (27, 5):	 1130808.0	260700.0	0
(1, 10)
6863106
0
--Node (1, 10):	 80772.0	477950.0	0
(4, 1)
3119593
0
--Node (4, 1):	 201930.0	86900.0	0
(28, 6)
63327759
0
--Node (28, 6):	 1171194.0	304150.0	0
(5, 4)
9358781
0
--Node (5, 4):	 242316.0	217250.0	0
(29, 7)
74870258
0
--Node (29, 7):	 1211580.0	347600.0	0
(16, 4)
26516549
0
--Node (16, 4):	 686562.0	217250.0	0
(6, 11)
26204589
201
--Node (6, 11):	 282702.0	521400.0	201
(19, 17)
112305387
9
--Node (19, 17):	 807720.0	782100.0	9
(17, 1)
11230537
0
--Node (17, 1):	 726948.0	86900.0	0
(7, 18)
47417829
243
--Node (7, 18):	 323088.0	825550.0	243
(20, 10)
72062623
0
--Node (20, 10):	 848106.0	477950.0	0
(18, 6)
41490600
0
--Node (18, 6):	 767334.0	304150.0	0
(21, 11)
82357284
0
--Node (21, 11):	 888492.0	521400.0	0
(22, 0)
7175065
0
--Node (22, 0):	 928878.0	43450.0	0
(9, 13)
43674316
1671
--Node (9, 13):	 403860.0	608300.0	1671
(23, 5)
44922154
0
--Node (23, 5):	 969264.0	260700.0	0
(10, 10)
37747088
0
--Node (10, 10):	 444246.0	477950.0	0
(8, 22)
64575597
0
--Node (8, 22):	 363474.0	999350.0	0
(11, 3)
14974050
0
--Node (11, 3):	 484632.0	173800.0	0
(9, 23)
74870258
0
--Node (9, 23):	 403860.0	1042800.0	0
(14, 12)
60832084
13
--Node (14, 12):	 605790.0	564850.0	13
(12, 4)
20277360
0
--Node (12, 4):	 525018.0	217250.0	0
(10, 20)
72062623
0
--Node (10, 20):	 444246.0	912450.0	0
(25, 20)
170329838
572
--Node (25, 20):	 1050036.0	912450.0	572
(15, 9)
49913505
0
--Node (15, 9):	 646176.0	434500.0	0
(13, 9)
43674316
1671
--Node (13, 9):	 565404.0	434500.0	1671
(26, 19)
168458082
0
--Node (26, 19):	 1090422.0	869000.0	0
(0, 2)
935877
0
--Node (0, 2):	 40386.0	130350.0	0
(3, 15)
19965401
0
--Node (3, 15):	 161544.0	695200.0	0
(1, 3)
2495674
0
--Node (1, 3):	 80772.0	173800.0	0
(4, 8)
14038172
0
--Node (4, 8):	 201930.0	391050.0	0
(2, 8)
8422903
0
--Node (2, 8):	 121158.0	391050.0	0
(5, 13)
26204589
201
--Node (5, 13):	 242316.0	608300.0	201
(29, 0)
9358781
0
--Node (29, 0):	 1211580.0	43450.0	0
(3, 21)
27452427
2908
--Node (3, 21):	 161544.0	955900.0	2908
(6, 2)
6551146
0
--Node (6, 2):	 282702.0	130350.0	0
(4, 22)
35875331
0
--Node (4, 22):	 201930.0	999350.0	0
(19, 22)
143501329
0
--Node (19, 22):	 807720.0	999350.0	0
(7, 11)
29948102
1
--Node (7, 11):	 323088.0	521400.0	1
(5, 23)
44922154
0
--Node (5, 23):	 242316.0	1042800.0	0
(20, 17)
117920657
57
--Node (20, 17):	 848106.0	782100.0	57
(18, 1)
11854456
863
--Node (18, 1):	 767334.0	86900.0	863
(16, 17)
95459579
622
--Node (16, 17):	 686562.0	782100.0	622
(21, 20)
144125247
0
--Node (21, 20):	 888492.0	912450.0	0
(23, 2)
22461076
857
--Node (23, 2):	 969264.0	130350.0	857
(9, 24)
77989852
0
--Node (9, 24):	 403860.0	1086250.0	0
(14, 23)
112305387
9
--Node (14, 23):	 605790.0	1042800.0	9
(12, 3)
16221888
0
--Node (12, 3):	 525018.0	173800.0	0
(15, 22)
114801063
0
--Node (15, 22):	 646176.0	999350.0	0
(13, 2)
13102294
0
--Node (13, 2):	 565404.0	130350.0	0
(24, 6)
54592896
2055
--Node (24, 6):	 1009650.0	304150.0	2055
(27, 19)
174697270
0
--Node (27, 19):	 1130808.0	869000.0	0
(1, 4)
3119593
0
--Node (1, 4):	 80772.0	217250.0	0
(25, 7)
64887556
0
--Node (25, 7):	 1050036.0	347600.0	0
(28, 20)
189983281
54
--Node (28, 20):	 1171194.0	912450.0	54
(2, 3)
3743511
0
--Node (2, 3):	 121158.0	173800.0	0
(26, 4)
42114519
93
--Node (26, 4):	 1090422.0	217250.0	93
(27, 9)
87348634
0
--Node (27, 9):	 1130808.0	434500.0	0
(6, 5)
13102294
0
--Node (6, 5):	 282702.0	260700.0	0
(7, 0)
2495674
0
--Node (7, 0):	 323088.0	43450.0	0
(5, 16)
31819859
0
--Node (5, 16):	 242316.0	738650.0	0
(20, 24)
163778691
0
--Node (20, 24):	 848106.0	1086250.0	0
(16, 8)
47729789
251
--Node (16, 8):	 686562.0	391050.0	251
(19, 5)
37435128
0
--Node (19, 5):	 807720.0	260700.0	0
(17, 21)
123535926
0
--Node (17, 21):	 726948.0	955900.0	0
(22, 18)
136326262
0
--Node (22, 18):	 928878.0	825550.0	0
(20, 6)
45858032
375
--Node (20, 6):	 848106.0	304150.0	375
(18, 18)
112617347
0
--Node (18, 18):	 767334.0	825550.0	0
(21, 7)
54904855
730
--Node (21, 7):	 888492.0	347600.0	730
(8, 4)
14038172
0
--Node (8, 4):	 363474.0	217250.0	0
(9, 1)
6239187
1531
--Node (9, 1):	 403860.0	86900.0	1531
(10, 6)
24020873
1063
--Node (10, 6):	 444246.0	304150.0	1063
(11, 23)
89844310
322
--Node (11, 23):	 484632.0	1042800.0	322
(0, 16)
5303309
0
--Node (0, 16):	 40386.0	738650.0	0
(24, 13)
109185793
0
--Node (24, 13):	 1009650.0	608300.0	0
(14, 0)
4679390
0
--Node (14, 0):	 605790.0	43450.0	0
(12, 16)
68943029
0
--Node (12, 16):	 525018.0	738650.0	0
(25, 8)
72998501
0
--Node (25, 8):	 1050036.0	391050.0	0
(15, 5)
29948102
1
--Node (15, 5):	 646176.0	260700.0	1
(13, 21)
96083498
0
--Node (13, 21):	 565404.0	955900.0	0
(28, 19)
180936458
0
--Node (28, 19):	 1171194.0	869000.0	0
(26, 15)
134766465
0
--Node (26, 15):	 1090422.0	695200.0	0
(29, 18)
177816864
0
--Node (29, 18):	 1211580.0	825550.0	0
(3, 3)
4991349
0
--Node (3, 3):	 161544.0	173800.0	0
(27, 14)
131022952
0
--Node (27, 14):	 1130808.0	651750.0	0
(4, 4)
7798984
0
--Node (4, 4):	 201930.0	217250.0	0
(28, 9)
90468228
0
--Node (28, 9):	 1171194.0	434500.0	0
(29, 12)
121664170
0
--Node (29, 12):	 1211580.0	564850.0	0
(16, 15)
84852959
0
--Node (16, 15):	 686562.0	695200.0	0
(6, 22)
50225464
0
--Node (6, 22):	 282702.0	999350.0	0
(19, 10)
68631069
0
--Node (19, 10):	 807720.0	477950.0	0
(17, 14)
84229040
26
--Node (17, 14):	 726948.0	651750.0	26
(7, 23)
59896206
0
--Node (7, 23):	 323088.0	1042800.0	0
(22, 21)
157851462
749
--Node (22, 21):	 928878.0	955900.0	749
(20, 13)
91716066
65
--Node (20, 13):	 848106.0	608300.0	65
(18, 13)
82981202
0
--Node (18, 13):	 767334.0	608300.0	0
(23, 16)
127279439
0
--Node (23, 16):	 969264.0	738650.0	0
(21, 0)
6863106
0
--Node (21, 0):	 888492.0	43450.0	0
(8, 11)
33691615
0
--Node (8, 11):	 363474.0	521400.0	0
(22, 15)
114801063
0
--Node (22, 15):	 928878.0	695200.0	0
(9, 10)
34315534
0
--Node (9, 10):	 403860.0	477950.0	0
(23, 14)
112305387
9
--Node (23, 14):	 969264.0	651750.0	9
(10, 1)
6863106
0
--Node (10, 1):	 444246.0	86900.0	0
(8, 17)
50537423
0
--Node (8, 17):	 363474.0	782100.0	0
(11, 12)
48665667
0
--Node (11, 12):	 484632.0	564850.0	0
(0, 23)
7487024
0
--Node (0, 23):	 40386.0	1042800.0	0
(24, 20)
163778691
0
--Node (24, 20):	 1009650.0	912450.0	0
(14, 11)
56152693
0
--Node (14, 11):	 605790.0	521400.0	0
(12, 15)
64887556
0
--Node (12, 15):	 525018.0	695200.0	0
(1, 22)
14350132
0
--Node (1, 22):	 80772.0	999350.0	0
(25, 17)
145997004
0
--Node (25, 17):	 1050036.0	782100.0	0
(15, 2)
14974050
0
--Node (15, 2):	 646176.0	130350.0	0
(13, 14)
65511475
0
--Node (13, 14):	 565404.0	651750.0	0
(2, 21)
20589320
1852
--Node (2, 21):	 121158.0	955900.0	1852
(26, 22)
193726794
209
--Node (26, 22):	 1090422.0	999350.0	209
(0, 13)
4367430
1512
--Node (0, 13):	 40386.0	608300.0	1512
(3, 8)
11230537
0
--Node (3, 8):	 161544.0	391050.0	0
(27, 7)
69878907
1201
--Node (27, 7):	 1130808.0	347600.0	1201
(1, 8)
5615268
0
--Node (1, 8):	 80772.0	391050.0	0
(4, 3)
6239187
1531
--Node (4, 3):	 201930.0	173800.0	1531
(28, 0)
9046821
0
--Node (28, 0):	 1171194.0	43450.0	0
(2, 15)
14974050
0
--Node (2, 15):	 121158.0	695200.0	0
(5, 2)
5615268
0
--Node (5, 2):	 242316.0	130350.0	0
(29, 5)
56152693
0
--Node (29, 5):	 1211580.0	260700.0	0
(16, 6)
37123169
4
--Node (16, 6):	 686562.0	304150.0	4
(6, 9)
21837157
0
--Node (6, 9):	 282702.0	434500.0	0
(19, 19)
124783764
225
--Node (19, 19):	 807720.0	869000.0	225
(17, 7)
44922154
0
--Node (17, 7):	 726948.0	347600.0	0
(7, 12)
32443777
0
--Node (7, 12):	 323088.0	564850.0	0
(20, 20)
137574100
0
--Node (20, 20):	 848106.0	912450.0	0
(18, 4)
29636143
660
--Node (18, 4):	 767334.0	217250.0	660
(21, 9)
68631069
0
--Node (21, 9):	 888492.0	434500.0	0
(22, 6)
50225464
0
--Node (22, 6):	 928878.0	304150.0	0
(23, 7)
59896206
0
--Node (23, 7):	 969264.0	347600.0	0
(10, 8)
30883980
0
--Node (10, 8):	 444246.0	391050.0	0
(8, 24)
70190867
0
--Node (8, 24):	 363474.0	1086250.0	0
(11, 5)
22461076
857
--Node (11, 5):	 484632.0	260700.0	857
(9, 21)
68631069
0
--Node (9, 21):	 403860.0	955900.0	0
(14, 18)
88908431
0
--Node (14, 18):	 605790.0	825550.0	0
(12, 6)
28388305
0
--Node (12, 6):	 525018.0	304150.0	0
(10, 18)
65199516
0
--Node (10, 18):	 444246.0	825550.0	0
(15, 11)
59896206
0
--Node (15, 11):	 646176.0	521400.0	0
(13, 7)
34939453
102
--Node (13, 7):	 565404.0	347600.0	102
(26, 17)
151612273
0
--Node (26, 17):	 1090422.0	782100.0	0
(0, 4)
1559796
0
--Node (0, 4):	 40386.0	217250.0	0
(24, 1)
15597969
0
--Node (24, 1):	 1009650.0	86900.0	0
(1, 1)
1247836
0
--Node (1, 1):	 80772.0	86900.0	0
(4, 10)
17157766
1097
--Node (4, 10):	 201930.0	477950.0	1097
(2, 6)
6551146
0
--Node (2, 6):	 121158.0	304150.0	0
(5, 11)
22461076
857
--Node (5, 11):	 242316.0	521400.0	857
(3, 23)
29948102
1
--Node (3, 23):	 161544.0	1042800.0	1
(6, 0)
2183714
0
--Node (6, 0):	 282702.0	43450.0	0
(4, 16)
26516549
0
--Node (4, 16):	 201930.0	738650.0	0
(19, 24)
155979705
986
--Node (19, 24):	 807720.0	1086250.0	986
(7, 5)
14974050
0
--Node (7, 5):	 323088.0	260700.0	0
(5, 21)
41178641
0
--Node (5, 21):	 242316.0	955900.0	0
(20, 19)
131022952
0
--Node (20, 19):	 848106.0	869000.0	0
(16, 19)
106066199
0
--Node (16, 19):	 686562.0	869000.0	0
(21, 18)
130399033
451
--Node (21, 18):	 888492.0	825550.0	451
(17, 18)
106690118
61
--Node (17, 18):	 726948.0	825550.0	61
(14, 21)
102946605
1132
--Node (14, 21):	 605790.0	955900.0	1132
(15, 16)
84852959
0
--Node (15, 16):	 646176.0	738650.0	0
(13, 0)
4367430
1512
--Node (13, 0):	 565404.0	43450.0	1512
(11, 16)
63639719
0
--Node (11, 16):	 484632.0	738650.0	0
(26, 24)
210572603
0
--Node (26, 24):	 1090422.0	1086250.0	0
(24, 8)
70190867
0
--Node (24, 8):	 1009650.0	391050.0	0
(27, 21)
192166997
12
--Node (27, 21):	 1130808.0	955900.0	12
(25, 5)
48665667
0
--Node (25, 5):	 1050036.0	260700.0	0
(28, 22)
208076927
0
--Node (28, 22):	 1171194.0	999350.0	0
(2, 1)
1871755
0
--Node (2, 1):	 121158.0	86900.0	0
(26, 2)
25268711
0
--Node (26, 2):	 1090422.0	130350.0	0
(29, 23)
224610776
0
--Node (29, 23):	 1211580.0	1042800.0	0
(27, 11)
104818361
475
--Node (27, 11):	 1130808.0	521400.0	475
(28, 12)
117608697
524
--Node (28, 12):	 1171194.0	564850.0	524
(7, 2)
7487024
0
--Node (7, 2):	 323088.0	130350.0	0
(16, 10)
58336409
1459
--Node (16, 10):	 686562.0	477950.0	1459
(19, 7)
49913505
0
--Node (19, 7):	 807720.0	347600.0	0
(17, 11)
67383232
0
--Node (17, 11):	 726948.0	521400.0	0
(7, 24)
62391881
734
--Node (7, 24):	 323088.0	1086250.0	734
(22, 16)
121976129
0
--Node (22, 16):	 928878.0	738650.0	0
(20, 0)
6551146
0
--Node (20, 0):	 848106.0	43450.0	0
(18, 16)
100762889
363
--Node (18, 16):	 767334.0	738650.0	363
(23, 21)
164714569
0
--Node (23, 21):	 969264.0	955900.0	0
(21, 5)
41178641
0
--Node (21, 5):	 888492.0	260700.0	0
(8, 6)
19653442
0
--Node (8, 6):	 363474.0	304150.0	0
(22, 10)
78925730
267
--Node (22, 10):	 928878.0	477950.0	267
(9, 7)
24956752
0
--Node (9, 7):	 403860.0	347600.0	0
(10, 4)
17157766
1097
--Node (10, 4):	 444246.0	217250.0	1097
(11, 9)
37435128
0
--Node (11, 9):	 484632.0	434500.0	0
(0, 18)
5927227
0
--Node (0, 18):	 40386.0	825550.0	0
(24, 15)
124783764
225
--Node (24, 15):	 1009650.0	695200.0	225
(14, 6)
32755737
0
--Node (14, 6):	 605790.0	304150.0	0
(12, 18)
77053974
256
--Node (12, 18):	 525018.0	825550.0	256
(1, 19)
12478375
0
--Node (1, 19):	 80772.0	869000.0	0
(25, 14)
121664170
0
--Node (25, 14):	 1050036.0	651750.0	0
(15, 7)
39930803
0
--Node (15, 7):	 646176.0	347600.0	0
(13, 19)
87348634
0
--Node (13, 19):	 565404.0	869000.0	0
(2, 24)
23396955
0
--Node (2, 24):	 121158.0	1086250.0	0
(26, 13)
117920657
57
--Node (26, 13):	 1090422.0	608300.0	57
(0, 8)
2807633
0
--Node (0, 8):	 40386.0	391050.0	0
(29, 16)
159099299
0
--Node (29, 16):	 1211580.0	738650.0	0
(3, 5)
7487024
0
--Node (3, 5):	 161544.0	260700.0	0
(27, 0)
8734862
0
--Node (27, 0):	 1130808.0	43450.0	0
(4, 6)
10918578
0
--Node (4, 6):	 201930.0	304150.0	0
(28, 11)
108561874
51
--Node (28, 11):	 1171194.0	521400.0	51
(5, 7)
14974050
0
--Node (5, 7):	 242316.0	347600.0	0
(29, 10)
102946605
1132
--Node (29, 10):	 1211580.0	477950.0	1132
(16, 1)
10606619
0
--Node (16, 1):	 686562.0	86900.0	0
(6, 20)
45858032
375
--Node (6, 20):	 282702.0	912450.0	375
(19, 12)
81109446
0
--Node (19, 12):	 807720.0	564850.0	0
(17, 12)
72998501
0
--Node (17, 12):	 726948.0	564850.0	0
(7, 17)
44922154
0
--Node (7, 17):	 323088.0	782100.0	0
(20, 15)
104818361
475
--Node (20, 15):	 848106.0	695200.0	475
(18, 11)
71126745
0
--Node (18, 11):	 767334.0	521400.0	0
(23, 18)
142253491
0
--Node (23, 18):	 969264.0	825550.0	0
(21, 14)
102946605
1132
--Node (21, 14):	 888492.0	651750.0	1132
(8, 13)
39306885
0
--Node (8, 13):	 363474.0	608300.0	0
(22, 13)
100450930
0
--Node (22, 13):	 928878.0	608300.0	0
(9, 8)
28076346
26
--Node (9, 8):	 403860.0	391050.0	26
(23, 8)
67383232
0
--Node (23, 8):	 969264.0	391050.0	0
(10, 15)
54904855
730
--Node (10, 15):	 444246.0	695200.0	730
(8, 19)
56152693
0
--Node (8, 19):	 363474.0	869000.0	0
(11, 14)
56152693
0
--Node (11, 14):	 484632.0	651750.0	0
(9, 18)
59272287
0
--Node (9, 18):	 403860.0	825550.0	0
(24, 22)
179376661
22
--Node (24, 22):	 1009650.0	999350.0	22
(14, 9)
46793911
0
--Node (14, 9):	 605790.0	434500.0	0
(12, 9)
40554722
30
--Node (12, 9):	 525018.0	434500.0	30
(1, 20)
13102294
0
--Node (1, 20):	 80772.0	912450.0	0
(25, 23)
194662672
0
--Node (25, 23):	 1050036.0	1042800.0	0
(15, 12)
64887556
0
--Node (15, 12):	 646176.0	564850.0	0
(13, 12)
56776612
367
--Node (13, 12):	 565404.0	564850.0	367
(2, 19)
18717563
1524
--Node (2, 19):	 121158.0	869000.0	1524
(26, 20)
176880986
0
--Node (26, 20):	 1090422.0	912450.0	0
(0, 15)
4991349
0
--Node (0, 15):	 40386.0	695200.0	0
(3, 10)
13726213
0
--Node (3, 10):	 161544.0	477950.0	0
(1, 14)
9358781
0
--Node (1, 14):	 80772.0	651750.0	0
(4, 13)
21837157
0
--Node (4, 13):	 201930.0	608300.0	0
(28, 2)
27140467
0
--Node (28, 2):	 1171194.0	130350.0	0
(2, 13)
13102294
0
--Node (2, 13):	 121158.0	608300.0	0
(5, 0)
1871755
0
--Node (5, 0):	 242316.0	43450.0	0
(29, 3)
37435128
0
--Node (29, 3):	 1211580.0	173800.0	0
(3, 16)
21213239
0
--Node (3, 16):	 161544.0	738650.0	0
(6, 15)
34939453
102
--Node (6, 15):	 282702.0	695200.0	102
(19, 21)
137262140
0
--Node (19, 21):	 807720.0	955900.0	0
(17, 5)
33691615
0
--Node (17, 5):	 726948.0	260700.0	0
(7, 14)
37435128
0
--Node (7, 14):	 323088.0	651750.0	0
(20, 22)
150676395
0
--Node (20, 22):	 848106.0	999350.0	0
(18, 2)
17781685
0
--Node (18, 2):	 767334.0	130350.0	0
(21, 23)
164714569
0
--Node (21, 23):	 888492.0	1042800.0	0
(22, 4)
35875331
0
--Node (22, 4):	 928878.0	217250.0	0
(23, 1)
14974050
0
--Node (23, 1):	 969264.0	86900.0	0
(11, 7)
29948102
1
--Node (11, 7):	 484632.0	347600.0	1
(14, 16)
79549649
0
--Node (14, 16):	 605790.0	738650.0	0
(12, 0)
4055471
0
--Node (12, 0):	 525018.0	43450.0	0
(10, 16)
58336409
1459
--Node (10, 16):	 444246.0	738650.0	1459
(25, 24)
202773617
0
--Node (25, 24):	 1050036.0	1086250.0	0
(15, 21)
109809712
0
--Node (15, 21):	 646176.0	955900.0	0
(13, 5)
26204589
201
--Node (13, 5):	 565404.0	260700.0	201
(0, 6)
2183714
0
--Node (0, 6):	 40386.0	304150.0	0
(24, 3)
31195940
168
--Node (24, 3):	 1009650.0	173800.0	168
(1, 7)
4991349
0
--Node (1, 7):	 80772.0	347600.0	0
(25, 2)
24332833
1494
--Node (25, 2):	 1050036.0	130350.0	1494
(2, 4)
4679390
0
--Node (2, 4):	 121158.0	217250.0	0
(5, 9)
18717563
1524
--Node (5, 9):	 242316.0	434500.0	1524
(6, 6)
15286010
2269
--Node (6, 6):	 282702.0	304150.0	2269
(4, 18)
29636143
660
--Node (4, 18):	 201930.0	825550.0	660
(7, 7)
19965401
0
--Node (7, 7):	 323088.0	347600.0	0
(5, 19)
37435128
0
--Node (5, 19):	 242316.0	869000.0	0
(16, 21)
116672819
0
--Node (16, 21):	 686562.0	955900.0	0
(6, 24)
54592896
2055
--Node (6, 24):	 282702.0	1086250.0	2055
(21, 16)
116672819
0
--Node (21, 16):	 888492.0	738650.0	0
(19, 0)
6239187
1531
--Node (19, 0):	 807720.0	43450.0	1531
(17, 16)
95459579
622
--Node (17, 16):	 726948.0	738650.0	622
(18, 23)
142253491
0
--Node (18, 23):	 767334.0	1042800.0	0
(8, 1)
5615268
0
--Node (8, 1):	 363474.0	86900.0	0
(15, 18)
94835660
0
--Node (15, 18):	 646176.0	825550.0	0
(11, 18)
71126745
0
--Node (11, 18):	 484632.0	825550.0	0
(24, 10)
85788837
0
--Node (24, 10):	 1009650.0	477950.0	0
(12, 21)
89220391
0
--Node (12, 21):	 525018.0	955900.0	0
(27, 23)
209636724
0
--Node (27, 23):	 1130808.0	1042800.0	0
(1, 24)
15597969
0
--Node (1, 24):	 80772.0	1086250.0	0
(25, 11)
97331335
1561
--Node (25, 11):	 1050036.0	521400.0	1561
(13, 24)
109185793
0
--Node (13, 24):	 565404.0	1086250.0	0
(28, 16)
153795989
0
--Node (28, 16):	 1171194.0	738650.0	0
(26, 0)
8422903
0
--Node (26, 0):	 1090422.0	43450.0	0
(29, 21)
205893211
0
--Node (29, 21):	 1211580.0	955900.0	0
(27, 13)
122288089
0
--Node (27, 13):	 1130808.0	608300.0	0
(28, 14)
135702343
0
--Node (28, 14):	 1171194.0	651750.0	0
(29, 15)
149740517
0
--Node (29, 15):	 1211580.0	695200.0	0
(16, 12)
68943029
0
--Node (16, 12):	 686562.0	564850.0	0
(6, 19)
43674316
1671
--Node (6, 19):	 282702.0	869000.0	1671
(19, 9)
62391881
734
--Node (19, 9):	 807720.0	434500.0	734
(17, 9)
56152693
0
--Node (17, 9):	 726948.0	434500.0	0
(22, 22)
165026528
0
--Node (22, 22):	 928878.0	999350.0	0
(20, 2)
19653442
0
--Node (20, 2):	 848106.0	130350.0	0
(18, 14)
88908431
0
--Node (18, 14):	 767334.0	651750.0	0
(23, 23)
179688621
0
--Node (23, 23):	 969264.0	1042800.0	0
(21, 3)
27452427
2908
--Node (21, 3):	 888492.0	173800.0	2908
(8, 8)
25268711
0
--Node (8, 8):	 363474.0	391050.0	0
(22, 8)
64575597
0
--Node (22, 8):	 928878.0	391050.0	0
(9, 5)
18717563
1524
--Node (9, 5):	 403860.0	260700.0	1524
(23, 13)
104818361
475
--Node (23, 13):	 969264.0	608300.0	475
(10, 2)
10294659
0
--Node (10, 2):	 444246.0	130350.0	0
(11, 11)
44922154
0
--Node (11, 11):	 484632.0	521400.0	0
(0, 20)
6551146
0
--Node (0, 20):	 40386.0	912450.0	0
(24, 17)
140381735
993
--Node (24, 17):	 1009650.0	782100.0	993
(14, 4)
23396955
0
--Node (14, 4):	 605790.0	217250.0	0
(12, 12)
52721139
0
--Node (12, 12):	 525018.0	564850.0	0
(1, 17)
11230537
0
--Node (1, 17):	 80772.0	782100.0	0
(25, 12)
105442280
0
--Node (25, 12):	 1050036.0	564850.0	0
(15, 1)
9982700
0
--Node (15, 1):	 646176.0	86900.0	0
(13, 17)
78613771
0
--Node (13, 17):	 565404.0	782100.0	0
(2, 22)
21525198
0
--Node (2, 22):	 121158.0	999350.0	0
(26, 11)
101074848
1292
--Node (26, 11):	 1090422.0	521400.0	1292
(0, 10)
3431552
0
--Node (0, 10):	 40386.0	477950.0	0
(3, 7)
9982700
0
--Node (3, 7):	 161544.0	347600.0	0
(27, 2)
26204589
201
--Node (27, 2):	 1130808.0	130350.0	201
(1, 11)
7487024
0
--Node (1, 11):	 80772.0	521400.0	0
(4, 0)
1559796
0
--Node (4, 0):	 201930.0	43450.0	0
(28, 5)
54280936
0
--Node (28, 5):	 1171194.0	260700.0	0
(5, 5)
11230537
0
--Node (5, 5):	 242316.0	260700.0	0
(29, 8)
84229040
26
--Node (29, 8):	 1211580.0	391050.0	26
(16, 3)
21213239
0
--Node (16, 3):	 686562.0	173800.0	0
(6, 10)
24020873
1063
--Node (6, 10):	 282702.0	477950.0	1063
(19, 14)
93587823
323
--Node (19, 14):	 807720.0	651750.0	323
(17, 2)
16845807
0
--Node (17, 2):	 726948.0	130350.0	0
(7, 19)
49913505
0
--Node (7, 19):	 323088.0	869000.0	0
(20, 9)
65511475
0
--Node (20, 9):	 848106.0	434500.0	0
(18, 9)
59272287
0
--Node (18, 9):	 767334.0	434500.0	0
(21, 12)
89220391
0
--Node (21, 12):	 888492.0	564850.0	0
(8, 15)
44922154
0
--Node (8, 15):	 363474.0	695200.0	0
(22, 3)
28700265
0
--Node (22, 3):	 928878.0	173800.0	0
(9, 14)
46793911
0
--Node (9, 14):	 403860.0	651750.0	0
(23, 10)
82357284
0
--Node (23, 10):	 969264.0	477950.0	0
(10, 13)
48041748
1
--Node (10, 13):	 444246.0	608300.0	1
(8, 21)
61767962
0
--Node (8, 21):	 363474.0	955900.0	0
(11, 0)
3743511
0
--Node (11, 0):	 484632.0	43450.0	0
(9, 16)
53033099
698
--Node (9, 16):	 403860.0	738650.0	698
(24, 24)
194974632
0
--Node (24, 24):	 1009650.0	1086250.0	0
(14, 15)
74870258
0
--Node (14, 15):	 605790.0	695200.0	0
(12, 11)
48665667
0
--Node (12, 11):	 525018.0	521400.0	0
(10, 23)
82357284
0
--Node (10, 23):	 444246.0	1042800.0	0
(25, 21)
178440783
0
--Node (25, 21):	 1050036.0	955900.0	0
(15, 14)
74870258
0
--Node (15, 14):	 646176.0	651750.0	0
(13, 10)
48041748
1
--Node (13, 10):	 565404.0	477950.0	1
(2, 17)
16845807
0
--Node (2, 17):	 121158.0	782100.0	0
(26, 18)
160035178
0
--Node (26, 18):	 1090422.0	825550.0	0
(0, 1)
623917
0
--Node (0, 1):	 40386.0	86900.0	0
(3, 12)
16221888
0
--Node (3, 12):	 161544.0	564850.0	0
(1, 12)
8110943
0
--Node (1, 12):	 80772.0	564850.0	0
(4, 15)
24956752
0
--Node (4, 15):	 201930.0	695200.0	0
(2, 11)
11230537
0
--Node (2, 11):	 121158.0	521400.0	0
(5, 14)
28076346
26
--Node (5, 14):	 242316.0	651750.0	26
(29, 1)
18717563
1524
--Node (29, 1):	 1211580.0	86900.0	1524
(3, 18)
23708914
0
--Node (3, 18):	 161544.0	825550.0	0
(6, 13)
30572021
0
--Node (6, 13):	 282702.0	608300.0	0
(4, 21)
34315534
0
--Node (4, 21):	 201930.0	955900.0	0
(19, 23)
149740517
0
--Node (19, 23):	 807720.0	1042800.0	0
(7, 8)
22461076
857
--Node (7, 8):	 323088.0	391050.0	857
(20, 16)
111369509
0
--Node (20, 16):	 848106.0	738650.0	0
(18, 0)
5927227
0
--Node (18, 0):	 767334.0	43450.0	0
(16, 16)
90156269
300
--Node (16, 16):	 686562.0	738650.0	300
(21, 21)
150988355
0
--Node (21, 21):	 888492.0	955900.0	0
(23, 3)
29948102
1
--Node (23, 3):	 969264.0	173800.0	1
(14, 22)
107625996
0
--Node (14, 22):	 605790.0	999350.0	0
(12, 2)
12166416
0
--Node (12, 2):	 525018.0	130350.0	0
(15, 23)
119792413
0
--Node (15, 23):	 646176.0	1042800.0	0
(13, 3)
17469726
0
--Node (13, 3):	 565404.0	173800.0	0
(0, 24)
7798984
0
--Node (0, 24):	 40386.0	1086250.0	0
(24, 5)
46793911
0
--Node (24, 5):	 1009650.0	260700.0	0
(12, 24)
101386808
4
--Node (12, 24):	 525018.0	1086250.0	4
(27, 16)
148492679
0
--Node (27, 16):	 1130808.0	738650.0	0
(1, 5)
3743511
0
--Node (1, 5):	 80772.0	260700.0	0
(25, 0)
8110943
0
--Node (25, 0):	 1050036.0	43450.0	0
(2, 2)
2807633
0
--Node (2, 2):	 121158.0	130350.0	0
(26, 7)
67383232
0
--Node (26, 7):	 1090422.0	347600.0	0
(6, 4)
10918578
0
--Node (6, 4):	 282702.0	217250.0	0
(7, 1)
4991349
0
--Node (7, 1):	 323088.0	86900.0	0
(5, 17)
33691615
0
--Node (5, 17):	 242316.0	782100.0	0
(16, 23)
127279439
0
--Node (16, 23):	 686562.0	1042800.0	0
(19, 2)
18717563
1524
--Node (19, 2):	 807720.0	130350.0	1524
(17, 22)
129151196
0
--Node (17, 22):	 726948.0	999350.0	0
(20, 5)
39306885
0
--Node (20, 5):	 848106.0	260700.0	0
(18, 21)
130399033
451
--Node (18, 21):	 767334.0	955900.0	451
(23, 24)
187175647
0
--Node (23, 24):	 969264.0	1086250.0	0
(8, 3)
11230537
0
--Node (8, 3):	 363474.0	173800.0	0
(9, 2)
9358781
0
--Node (9, 2):	 403860.0	130350.0	0
(11, 20)
78613771
0
--Node (11, 20):	 484632.0	912450.0	0
(24, 12)
101386808
4
--Node (24, 12):	 1009650.0	564850.0	4
(14, 3)
18717563
1524
--Node (14, 3):	 605790.0	173800.0	1524
(12, 23)
97331335
1561
--Node (12, 23):	 525018.0	1042800.0	1561
(25, 9)
81109446
0
--Node (25, 9):	 1050036.0	434500.0	0
(13, 22)
100450930
0
--Node (13, 22):	 565404.0	999350.0	0
(28, 18)
171889635
0
--Node (28, 18):	 1171194.0	825550.0	0
(26, 14)
126343561
0
--Node (26, 14):	 1090422.0	651750.0	0
(29, 19)
187175647
0
--Node (29, 19):	 1211580.0	869000.0	0
(3, 0)
1247836
0
--Node (3, 0):	 161544.0	43450.0	0
(27, 15)
139757816
0
--Node (27, 15):	 1130808.0	695200.0	0
(28, 8)
81421405
0
--Node (28, 8):	 1171194.0	391050.0	0
(29, 13)
131022952
0
--Node (29, 13):	 1211580.0	608300.0	0
(16, 14)
79549649
0
--Node (16, 14):	 686562.0	651750.0	0
(6, 17)
39306885
0
--Node (6, 17):	 282702.0	782100.0	0
(19, 11)
74870258
0
--Node (19, 11):	 807720.0	521400.0	0
(17, 15)
89844310
322
--Node (17, 15):	 726948.0	695200.0	322
(7, 20)
52409180
0
--Node (7, 20):	 323088.0	912450.0	0
(22, 20)
150676395
0
--Node (22, 20):	 928878.0	912450.0	0
(20, 12)
85164918
0
--Node (20, 12):	 848106.0	564850.0	0
(18, 12)
77053974
256
--Node (18, 12):	 767334.0	564850.0	256
(23, 17)
134766465
0
--Node (23, 17):	 969264.0	782100.0	0
(21, 1)
13726213
0
--Node (21, 1):	 888492.0	86900.0	0
(8, 10)
30883980
0
--Node (8, 10):	 363474.0	477950.0	0
(22, 14)
107625996
0
--Node (22, 14):	 928878.0	651750.0	0
(9, 11)
37435128
0
--Node (9, 11):	 403860.0	521400.0	0
(23, 15)
119792413
0
--Node (23, 15):	 969264.0	695200.0	0
(10, 0)
3431552
0
--Node (10, 0):	 444246.0	43450.0	0
(8, 16)
47729789
251
--Node (8, 16):	 363474.0	738650.0	251
(11, 13)
52409180
0
--Node (11, 13):	 484632.0	608300.0	0
(0, 22)
7175065
0
--Node (0, 22):	 40386.0	999350.0	0
(24, 19)
155979705
986
--Node (24, 19):	 1009650.0	869000.0	986
(14, 10)
51473302
150
--Node (14, 10):	 605790.0	477950.0	150
(12, 14)
60832084
13
--Node (12, 14):	 525018.0	651750.0	13
(1, 23)
14974050
0
--Node (1, 23):	 80772.0	1042800.0	0
(25, 18)
154107949
0
--Node (25, 18):	 1050036.0	825550.0	0
(15, 3)
19965401
0
--Node (15, 3):	 646176.0	173800.0	0
(13, 15)
69878907
1201
--Node (13, 15):	 565404.0	695200.0	1201
(2, 20)
19653442
0
--Node (2, 20):	 121158.0	912450.0	0
(26, 9)
84229040
26
--Node (26, 9):	 1090422.0	434500.0	26
(0, 12)
4055471
0
--Node (0, 12):	 40386.0	564850.0	0
(3, 9)
12478375
0
--Node (3, 9):	 161544.0	434500.0	0
(27, 4)
43674316
1671
--Node (27, 4):	 1130808.0	217250.0	1671
(1, 9)
6239187
1531
--Node (1, 9):	 80772.0	434500.0	1531
(4, 2)
4679390
0
--Node (4, 2):	 201930.0	130350.0	0
(28, 7)
72374582
0
--Node (28, 7):	 1171194.0	347600.0	0
(2, 14)
14038172
0
--Node (2, 14):	 121158.0	651750.0	0
(5, 3)
7487024
0
--Node (5, 3):	 242316.0	173800.0	0
(29, 6)
65511475
0
--Node (29, 6):	 1211580.0	304150.0	0
(16, 5)
31819859
0
--Node (16, 5):	 686562.0	260700.0	0
(6, 8)
19653442
0
--Node (6, 8):	 282702.0	391050.0	0
(19, 16)
106066199
0
--Node (19, 16):	 807720.0	738650.0	0
(17, 0)
5615268
0
--Node (17, 0):	 726948.0	43450.0	0
(7, 13)
34939453
102
--Node (7, 13):	 323088.0	608300.0	102
(20, 11)
78613771
0
--Node (20, 11):	 848106.0	521400.0	0
(18, 7)
47417829
243
--Node (18, 7):	 767334.0	347600.0	243
(21, 10)
75494177
347
--Node (21, 10):	 888492.0	477950.0	347
(22, 1)
14350132
0
--Node (22, 1):	 928878.0	86900.0	0
(9, 12)
40554722
30
--Node (9, 12):	 403860.0	564850.0	30
(23, 4)
37435128
0
--Node (23, 4):	 969264.0	217250.0	0
(10, 11)
41178641
0
--Node (10, 11):	 444246.0	521400.0	0
(8, 23)
67383232
0
--Node (8, 23):	 363474.0	1042800.0	0
(11, 2)
11230537
0
--Node (11, 2):	 484632.0	130350.0	0
(9, 22)
71750664
1391
--Node (9, 22):	 403860.0	999350.0	1391
(14, 13)
65511475
0
--Node (14, 13):	 605790.0	608300.0	0
(12, 5)
24332833
1494
--Node (12, 5):	 525018.0	260700.0	1494
(10, 21)
75494177
347
--Node (10, 21):	 444246.0	955900.0	347
(15, 8)
44922154
0
--Node (15, 8):	 646176.0	391050.0	0
(13, 8)
39306885
0
--Node (13, 8):	 565404.0	391050.0	0
(11, 24)
93587823
323
--Node (11, 24):	 484632.0	1086250